31	2	-5.0935	-0.78477
31	3	-6.1727	-0.90397
31	6	-9.3813	-1.3212
31	7	-7.7986	-0.87417
31	8	-5.6978	-0.78477
31	9	-5.3094	-0.7947
32	2	-5.0863	-0.7947
32	3	-6.1727	-0.90397
32	6	-9.3813	-1.3212
32	7	-7.7986	-0.89404
32	8	-5.6978	-0.77483
32	9	-5.3165	-0.7947
33	2	-5.0863	-0.78477
33	3	-6.1799	-0.90397
33	6	-9.5252	-1.3113
33	7	-7.7986	-0.88411
33	8	-5.705	-0.78477
33	9	-5.3094	-0.78477
34	2	-5.0863	-0.80464
34	3	-6.1727	-0.90397
34	6	-9.6259	-1.3013
34	7	-7.8273	-0.88411
34	8	-5.705	-0.77483
34	9	-5.3381	-0.7947
35	2	-5.0863	-0.78477
35	3	-6.1727	-0.90397
35	6	-9.705	-1.3013
35	7	-7.8921	-0.90397
35	8	-5.705	-0.78477
35	9	-5.3309	-0.78477
36	2	-5.1007	-0.80464
36	3	-6.1871	-0.88411
36	6	-9.8417	-1.3411
36	7	-7.9424	-0.91391
36	8	-5.7122	-0.77483
36	9	-5.3237	-0.78477
37	2	-5.1007	-0.80464
37	3	-6.1871	-0.89404
37	6	-9.9856	-1.4007
37	7	-7.9712	-0.91391
37	8	-5.705	-0.7649
37	9	-5.3237	-0.77483
38	2	-5.1007	-0.80464
38	3	-6.1871	-0.90397
38	6	-10.072	-1.4205
38	7	-8.0072	-0.92384
38	8	-5.7122	-0.7947
38	9	-5.3309	-0.78477
39	2	-5.1151	-0.80464
39	3	-6.1871	-0.90397
39	7	-8.0576	-0.93377
39	8	-5.7122	-0.7649
39	9	-5.3309	-0.78477
40	2	-5.1079	-0.81457
40	3	-6.1871	-0.90397
40	7	-8.0935	-0.94371
40	8	-5.705	-0.7649
40	9	-5.3381	-0.77483
41	2	-5.1079	-0.80464
41	3	-6.1942	-0.89404
41	7	-8.1295	-0.87417
41	8	-5.7122	-0.7649
41	9	-5.3453	-0.78477
41	11	-5.8561	-0.60596
42	2	-5.1223	-0.80464
42	3	-6.2014	-0.90397
42	7	-8.1583	-0.83444
42	8	-5.705	-0.7649
42	9	-5.3381	-0.77483
42	11	-5.8561	-0.59603
43	2	-5.1223	-0.81457
43	3	-6.2014	-0.87417
43	7	-8.1871	-0.81457
43	8	-5.7122	-0.7649
43	9	-5.3381	-0.78477
43	11	-5.8633	-0.59603
44	2	-5.1223	-0.80464
44	3	-6.1942	-0.88411
44	7	-8.2014	-0.8245
44	8	-5.7122	-0.7649
44	9	-5.3381	-0.77483
44	11	-5.8633	-0.59603
45	2	-5.1223	-0.80464
45	3	-6.2014	-0.88411
45	7	-8.2446	-0.8245
45	8	-5.7122	-0.7649
45	9	-5.3453	-0.77483
45	11	-5.8561	-0.59603
46	2	-5.1151	-0.78477
46	3	-6.2014	-0.88411
46	7	-8.2662	-0.84437
46	8	-5.7194	-0.7649
46	9	-5.3381	-0.78477
46	11	-5.8633	-0.60596
47	2	-5.1223	-0.80464
47	3	-6.2014	-0.88411
47	7	-8.3165	-0.8245
47	8	-5.7122	-0.7649
47	9	-5.3453	-0.78477
47	11	-5.8633	-0.56623
48	2	-5.1223	-0.78477
48	3	-6.2086	-0.89404
48	7	-8.3525	-0.8245
48	8	-5.7122	-0.7649
48	9	-5.3525	-0.7649
48	11	-5.8633	-0.58609
49	2	-5.1223	-0.7947
49	3	-6.2086	-0.89404
49	7	-8.3741	-0.81457
49	8	-5.7194	-0.7649
49	9	-5.3453	-0.7649
49	11	-5.8633	-0.57616
50	2	-5.1295	-0.7947
50	3	-6.2158	-0.89404
50	7	-8.446	-0.86424
50	8	-5.7122	-0.77483
50	9	-5.3453	-0.77483
50	11	-5.8561	-0.57616
51	2	-5.1799	-0.80464
51	3	-6.2158	-0.89404
51	7	-8.5108	-0.89404
51	8	-5.7194	-0.7649
51	9	-5.3525	-0.77483
51	11	-5.8633	-0.6457
52	2	-5.1655	-0.81457
52	3	-6.223	-0.87417
52	7	-8.5683	-0.89404
52	8	-5.7266	-0.7649
52	9	-5.3597	-0.7649
52	11	-5.8561	-0.62583
53	2	-5.1655	-0.78477
53	3	-6.2302	-0.87417
53	7	-8.6259	-0.91391
53	8	-5.7338	-0.78477
53	9	-5.3669	-0.71523
53	11	-5.8561	-0.61589
54	2	-5.1655	-0.78477
54	3	-6.2302	-0.89404
54	7	-8.6763	-0.87417
54	8	-5.7338	-0.77483
54	9	-5.3669	-0.68543
54	11	-5.8705	-0.61589
55	2	-5.1727	-0.78477
55	3	-6.2374	-0.89404
55	7	-8.6691	-0.91391
55	8	-5.7338	-0.78477
55	9	-5.3669	-0.68543
55	11	-5.8705	-0.61589
56	2	-5.1727	-0.78477
56	3	-6.2374	-0.88411
56	7	-8.7554	-0.88411
56	8	-5.741	-0.80464
56	9	-5.3741	-0.6755
56	11	-5.8777	-0.61589
57	2	-5.1655	-0.78477
57	3	-6.2518	-0.87417
57	7	-8.7914	-0.97351
57	8	-5.741	-0.81457
57	9	-5.3813	-0.6755
57	11	-5.8777	-0.62583
58	2	-5.1727	-0.80464
58	3	-6.2518	-0.87417
58	7	-8.8705	-0.95364
58	8	-5.741	-0.80464
58	9	-5.3813	-0.68543
58	11	-5.8777	-0.63576
59	2	-5.1871	-0.7947
59	3	-6.259	-0.88411
59	7	-8.9281	-0.98344
59	8	-5.741	-0.80464
59	9	-5.3813	-0.68543
59	11	-5.8705	-0.62583
60	2	-5.1799	-0.81457
60	3	-6.259	-0.87417
60	7	-8.9496	-0.99338
60	8	-5.741	-0.80464
60	9	-5.3741	-0.6755
60	11	-5.8849	-0.62583
61	2	-5.1799	-0.81457
61	3	-6.2734	-0.86424
61	7	-9.1511	-0.98344
61	8	-5.741	-0.81457
61	9	-5.4029	-0.6755
61	11	-5.8777	-0.61589
62	2	-5.1799	-0.81457
62	3	-6.2734	-0.86424
62	7	-9.1151	-1.0132
62	8	-5.7338	-0.80464
62	9	-5.4029	-0.65563
62	11	-5.8777	-0.60596
63	2	-5.1799	-0.80464
63	3	-6.2806	-0.87417
63	7	-9.1511	-1.0132
63	8	-5.7338	-0.80464
63	9	-5.4029	-0.65563
63	11	-5.8849	-0.60596
64	2	-5.1799	-0.80464
64	3	-6.2878	-0.88411
64	7	-9.2158	-1.0132
64	8	-5.741	-0.80464
64	9	-5.3885	-0.65563
64	11	-5.8849	-0.61589
65	2	-5.1942	-0.8245
65	3	-6.2806	-0.87417
65	7	-9.2806	-1.0232
65	8	-5.7338	-0.7947
65	9	-5.4029	-0.65563
65	11	-5.8993	-0.61589
66	2	-5.2014	-0.81457
66	3	-6.295	-0.88411
66	7	-9.3165	-1.0232
66	8	-5.741	-0.81457
66	9	-5.4101	-0.6457
66	11	-5.8921	-0.60596
67	2	-5.2014	-0.81457
67	3	-6.3022	-0.87417
67	7	-9.3741	-1.0033
67	8	-5.741	-0.8245
67	9	-5.4101	-0.65563
67	11	-5.8921	-0.60596
68	2	-5.2014	-0.83444
68	3	-6.295	-0.88411
68	7	-9.554	-0.98344
68	8	-5.7554	-0.81457
68	9	-5.4029	-0.6457
68	11	-5.8993	-0.60596
69	2	-5.2014	-0.8245
69	3	-6.3022	-0.87417
69	7	-9.6835	-0.99338
69	8	-5.741	-0.81457
69	9	-5.4029	-0.66556
69	11	-5.9065	-0.60596
70	2	-5.2158	-0.83444
70	3	-6.3094	-0.86424
70	7	-9.741	-1.0033
70	8	-5.741	-0.8245
70	9	-5.4029	-0.65563
70	11	-5.8993	-0.60596
71	2	-5.2158	-0.83444
71	3	-6.3094	-0.87417
71	7	-9.8849	-1.202
71	8	-5.741	-0.81457
71	9	-5.4101	-0.6457
71	11	-5.9137	-0.61589
71	15	-7.6187	-0.7649
71	17	-8.3453	-1.0033
72	2	-5.2302	-0.83444
72	3	-6.3022	-0.8543
72	7	-9.9424	-1.202
72	8	-5.7554	-0.81457
72	9	-5.4173	-0.65563
72	11	-5.9065	-0.62583
72	15	-7.6331	-0.75497
72	17	-8.3525	-1.0331
73	2	-5.223	-0.83444
73	3	-6.3165	-0.84437
73	7	-10.014	-1.1921
73	8	-5.7482	-0.81457
73	9	-5.4101	-0.6457
73	11	-5.9137	-0.60596
73	15	-7.6259	-0.7351
73	17	-8.3669	-1.0331
74	2	-5.223	-0.83444
74	3	-6.3165	-0.87417
74	7	-10.101	-1.1722
74	8	-5.7626	-0.8245
74	9	-5.4173	-0.6457
74	11	-5.9281	-0.62583
74	15	-7.6403	-0.69536
74	17	-8.4029	-1.0232
75	2	-5.2302	-0.83444
75	3	-6.3309	-0.8543
75	7	-10.158	-1.1623
75	8	-5.7554	-0.81457
75	9	-5.4317	-0.6457
75	11	-5.9209	-0.60596
75	15	-7.6475	-0.71523
75	17	-8.5755	-1.0331
76	2	-5.2302	-0.8245
76	3	-6.3237	-0.8543
76	7	-10.317	-1.202
76	8	-5.7554	-0.81457
76	9	-5.4317	-0.6457
76	11	-5.9281	-0.61589
76	15	-7.6691	-0.72517
76	17	-8.6331	-1.0331
77	2	-5.2446	-0.84437
77	3	-6.3309	-0.84437
77	7	-10.417	-1.2318
77	8	-5.7626	-0.8245
77	9	-5.4317	-0.65563
77	11	-5.9281	-0.61589
77	15	-7.6906	-0.72517
77	17	-8.6835	-1.0132
78	2	-5.2518	-0.83444
78	3	-6.3309	-0.84437
78	7	-10.36	-1.2119
78	8	-5.7698	-0.81457
78	9	-5.4317	-0.6457
78	11	-5.9353	-0.60596
78	15	-7.7122	-0.7351
78	17	-8.741	-1.0132
79	2	-5.2662	-0.84437
79	3	-6.3381	-0.84437
79	7	-10.417	-1.1623
79	8	-5.7698	-0.81457
79	9	-5.446	-0.63576
79	11	-5.9353	-0.60596
79	17	-8.7842	-1.0232
80	2	-5.2734	-0.83444
80	3	-6.3525	-0.83444
80	7	-10.194	-1.1424
80	8	-5.7842	-0.83444
80	9	-5.4388	-0.63576
80	11	-5.9496	-0.60596
80	17	-8.8561	-1.053
81	2	-5.2734	-0.8245
81	3	-6.3525	-0.8245
81	7	-10.158	-1.043
81	8	-5.7842	-0.81457
81	9	-5.4388	-0.71523
81	11	-5.9568	-0.60596
81	17	-8.9209	-0.87417
82	2	-5.2662	-0.83444
82	3	-6.3453	-0.83444
82	7	-10.18	-1.1026
82	8	-5.7986	-0.80464
82	9	-5.4245	-0.69536
82	11	-5.9712	-0.60596
82	17	-8.9137	-0.95364
83	2	-5.2878	-0.83444
83	3	-6.3525	-0.8245
83	7	-10.273	-1.1026
83	8	-5.8058	-0.80464
83	9	-5.4317	-0.69536
83	11	-5.9712	-0.59603
83	17	-8.9568	-0.96358
84	2	-5.2806	-0.81457
84	3	-6.3597	-0.8543
84	7	-10.288	-1.1325
84	8	-5.8058	-0.8245
84	9	-5.4388	-0.7053
84	11	-5.9856	-0.59603
84	17	-9	-0.95364
85	2	-5.2878	-0.81457
85	3	-6.3597	-0.8543
85	7	-10.216	-1.1921
85	8	-5.8058	-0.80464
85	9	-5.4388	-0.68543
85	11	-6	-0.60596
85	17	-9.0719	-1.0132
86	2	-5.2878	-0.81457
86	3	-6.3669	-0.83444
86	7	-10.144	-1.1921
86	8	-5.8129	-0.80464
86	9	-5.446	-0.6457
86	11	-6.0072	-0.59603
86	17	-9.1223	-0.99338
87	2	-5.2878	-0.80464
87	3	-6.3597	-0.84437
87	7	-10.058	-1.5
87	8	-5.8058	-0.7947
87	9	-5.4532	-0.62583
87	11	-6.0072	-0.59603
87	17	-9.2014	-1.043
88	2	-5.295	-0.81457
88	3	-6.3597	-0.83444
88	7	-10.122	-1.5695
88	8	-5.8129	-0.7947
88	9	-5.4604	-0.59603
88	11	-6.0072	-0.58609
88	17	-9.295	-1.0232
89	2	-5.2878	-0.78477
89	3	-6.3741	-0.8245
89	8	-5.8058	-0.7947
89	9	-5.4676	-0.59603
89	11	-6	-0.58609
89	17	-9.3813	-1.0132
90	2	-5.295	-0.78477
90	3	-6.3741	-0.81457
90	8	-5.8129	-0.78477
90	9	-5.4604	-0.58609
90	11	-6.0144	-0.59603
90	17	-9.5683	-0.89404
91	2	-5.295	-0.80464
91	3	-6.4029	-0.8245
91	8	-5.8273	-0.78477
91	9	-5.4604	-0.57616
91	11	-5.9568	-0.58609
91	17	-9.6547	-0.87417
92	2	-5.3022	-0.7947
92	3	-6.3813	-0.7947
92	8	-5.8201	-0.78477
92	9	-5.4604	-0.56623
92	11	-5.9568	-0.58609
92	17	-9.3813	-1.0033
93	2	-5.3022	-0.80464
93	3	-6.3813	-0.80464
93	8	-5.8273	-0.78477
93	9	-5.4604	-0.55629
93	11	-5.964	-0.55629
93	17	-9.2806	-0.93377
94	2	-5.3094	-0.78477
94	3	-6.3885	-0.7947
94	8	-5.8417	-0.7947
94	9	-5.4748	-0.55629
94	11	-5.9712	-0.56623
94	17	-9.2806	-0.93377
95	2	-5.3237	-0.81457
95	3	-6.3885	-0.7947
95	8	-5.8273	-0.7649
95	9	-5.4748	-0.54636
95	11	-5.9784	-0.56623
95	17	-9.3094	-0.92384
96	2	-5.3309	-0.81457
96	3	-6.3885	-0.7947
96	8	-5.8417	-0.78477
96	9	-5.4748	-0.53642
96	11	-5.9784	-0.57616
96	17	-9.518	-0.92384
97	2	-5.3381	-0.8245
97	3	-6.3885	-0.7947
97	8	-5.8417	-0.80464
97	9	-5.4676	-0.54636
97	11	-5.9784	-0.56623
97	17	-9.5971	-0.91391
98	2	-5.3309	-0.8245
98	3	-6.3957	-0.7947
98	8	-5.8489	-0.77483
98	9	-5.482	-0.53642
98	11	-5.9928	-0.55629
98	17	-9.6763	-0.93377
99	2	-5.3381	-0.8245
99	3	-6.3957	-0.78477
99	8	-5.8489	-0.77483
99	9	-5.4892	-0.54636
99	11	-6	-0.54636
100	2	-5.3381	-0.8245
100	3	-6.3957	-0.77483
100	8	-5.8417	-0.77483
100	9	-5.482	-0.52649
100	11	-6	-0.56623
101	2	-5.3525	-0.8245
101	3	-6.3957	-0.78477
101	8	-5.8345	-0.77483
101	9	-5.482	-0.53642
101	11	-6	-0.56623
101	19	-7.8273	-0.56623
102	2	-5.3453	-0.8245
102	3	-6.3885	-0.77483
102	8	-5.8489	-0.77483
102	9	-5.482	-0.52649
102	11	-5.9856	-0.55629
102	19	-7.8489	-0.56623
103	2	-5.3525	-0.8245
103	3	-6.3813	-0.77483
103	8	-5.8561	-0.7649
103	9	-5.482	-0.51656
103	11	-6.0072	-0.54636
103	19	-7.8633	-0.55629
104	2	-5.3525	-0.8245
104	3	-6.3813	-0.77483
104	8	-5.8561	-0.77483
104	9	-5.4892	-0.51656
104	11	-6	-0.55629
104	19	-7.8921	-0.57616
105	2	-5.3525	-0.8245
105	3	-6.3669	-0.7649
105	8	-5.8417	-0.7351
105	9	-5.4892	-0.51656
105	11	-6.0072	-0.55629
105	19	-7.9209	-0.57616
106	2	-5.3525	-0.8245
106	3	-6.3669	-0.7649
106	8	-5.8489	-0.74503
106	9	-5.4964	-0.51656
106	11	-6.0072	-0.55629
106	19	-7.9281	-0.57616
107	2	-5.3525	-0.81457
107	3	-6.3669	-0.74503
107	8	-5.8561	-0.7351
107	9	-5.5036	-0.49669
107	11	-6.0144	-0.55629
107	19	-7.964	-0.58609
108	2	-5.3597	-0.8245
108	3	-6.3525	-0.72517
108	8	-5.8633	-0.7649
108	9	-5.4964	-0.49669
108	11	-6.0144	-0.55629
108	19	-7.9928	-0.58609
109	2	-5.3669	-0.8245
109	3	-6.3597	-0.74503
109	8	-5.8705	-0.75497
109	11	-6.0144	-0.56623
109	19	-8	-0.57616
110	2	-5.3669	-0.81457
110	3	-6.3669	-0.72517
110	8	-5.8777	-0.74503
110	11	-6.0216	-0.54636
110	19	-8.0288	-0.55629
111	2	-5.3597	-0.81457
111	3	-6.3453	-0.74503
111	8	-5.8777	-0.72517
111	11	-6.0216	-0.55629
111	19	-8.1223	-0.55629
112	2	-5.3741	-0.8245
112	3	-6.3453	-0.7351
112	8	-5.8849	-0.69536
112	11	-6.0288	-0.54636
112	19	-8.1511	-0.59603
113	2	-5.3813	-0.8245
113	3	-6.3453	-0.7351
113	8	-5.8921	-0.68543
113	11	-6.0288	-0.55629
113	19	-8.1583	-0.59603
114	2	-5.3813	-0.81457
114	3	-6.3381	-0.74503
114	8	-5.8921	-0.7053
114	11	-6.036	-0.53642
114	19	-8.1799	-0.59603
115	2	-5.3741	-0.81457
115	3	-6.3309	-0.72517
115	8	-5.8993	-0.68543
115	11	-6.0288	-0.54636
115	19	-8.223	-0.59603
116	2	-5.3813	-0.80464
116	3	-6.3309	-0.72517
116	8	-5.8993	-0.69536
116	11	-6.0288	-0.54636
116	19	-8.2446	-0.58609
117	2	-5.3813	-0.7947
117	3	-6.3237	-0.7351
117	8	-5.8993	-0.68543
117	11	-6.036	-0.54636
117	19	-8.259	-0.58609
118	2	-5.3813	-0.80464
118	3	-6.3237	-0.7351
118	8	-5.8993	-0.6755
118	11	-6.036	-0.53642
118	19	-8.2662	-0.58609
119	2	-5.3813	-0.80464
119	3	-6.3309	-0.75497
119	8	-5.8993	-0.66556
119	11	-6.0288	-0.53642
119	19	-8.295	-0.57616
120	2	-5.3885	-0.7947
120	3	-6.3381	-0.7649
120	8	-5.8993	-0.6755
120	11	-6.0288	-0.53642
120	19	-8.3094	-0.56623
121	2	-5.4245	-0.7947
121	3	-6.3237	-0.74503
121	8	-5.8705	-0.68543
121	11	-6.0144	-0.53642
121	19	-8.3597	-0.60596
122	2	-5.3885	-0.78477
122	3	-6.3165	-0.74503
122	8	-5.8777	-0.6755
122	11	-6.0144	-0.53642
122	19	-8.3813	-0.58609
123	2	-5.3813	-0.7947
123	3	-6.3165	-0.74503
123	8	-5.8849	-0.66556
123	11	-6.0216	-0.53642
123	19	-8.4317	-0.58609
124	2	-5.3957	-0.78477
124	3	-6.295	-0.7351
124	8	-5.8849	-0.66556
124	11	-6.0144	-0.48675
124	19	-8.446	-0.59603
125	2	-5.3957	-0.7947
125	3	-6.295	-0.72517
125	8	-5.8921	-0.66556
125	11	-6.0288	-0.52649
125	19	-8.482	-0.60596
126	2	-5.4029	-0.7947
126	3	-6.2806	-0.7053
126	8	-5.8777	-0.66556
126	11	-6.0288	-0.53642
126	19	-8.518	-0.59603
127	2	-5.4029	-0.80464
127	3	-6.2662	-0.7053
127	8	-5.8921	-0.65563
127	11	-6.036	-0.52649
127	19	-8.5396	-0.57616
128	2	-5.3957	-0.78477
128	3	-6.2734	-0.7053
128	8	-5.8921	-0.66556
128	11	-6.0432	-0.52649
128	19	-8.5683	-0.58609
129	2	-5.3957	-0.78477
129	3	-6.259	-0.6755
129	8	-5.8921	-0.66556
129	11	-6.0288	-0.51656
129	19	-8.5971	-0.57616
130	2	-5.3885	-0.78477
130	3	-6.2518	-0.69536
130	8	-5.8921	-0.66556
130	11	-6.036	-0.53642
130	19	-8.6403	-0.57616
131	2	-5.3957	-0.77483
131	3	-6.2446	-0.68543
131	8	-5.8849	-0.65563
131	11	-6.0288	-0.52649
131	19	-8.6906	-0.52649
131	22	-8.9281	-0.75497
131	23	-6.6906	-0.52649
132	2	-5.3885	-0.77483
132	3	-6.2374	-0.69536
132	8	-5.8921	-0.65563
132	11	-6.036	-0.52649
132	19	-8.705	-0.54636
132	22	-8.9424	-0.7351
132	23	-6.6331	-0.45695
133	2	-5.3957	-0.7649
133	3	-6.2374	-0.69536
133	8	-5.8993	-0.65563
133	11	-6.036	-0.51656
133	19	-8.7482	-0.55629
133	22	-8.9784	-0.7351
133	23	-6.6475	-0.45695
134	2	-5.3957	-0.77483
134	3	-6.2374	-0.7053
134	8	-5.8993	-0.6457
134	11	-6.036	-0.52649
134	19	-8.7842	-0.53642
134	22	-9.0144	-0.7351
134	23	-6.6475	-0.46689
135	2	-5.3957	-0.77483
135	3	-6.2374	-0.68543
135	8	-5.8921	-0.63576
135	11	-6.036	-0.51656
135	19	-8.8058	-0.52649
135	22	-9.0432	-0.7351
135	23	-6.6475	-0.45695
136	2	-5.3957	-0.77483
136	3	-6.2302	-0.69536
136	8	-5.8993	-0.63576
136	11	-6.036	-0.51656
136	19	-8.8489	-0.54636
136	22	-9.1007	-0.75497
136	23	-6.6547	-0.46689
137	2	-5.3885	-0.75497
137	3	-6.2374	-0.69536
137	8	-5.8993	-0.6457
137	11	-6.036	-0.51656
137	19	-8.8849	-0.51656
137	22	-9.1367	-0.74503
137	23	-6.6619	-0.46689
138	2	-5.3885	-0.7649
138	3	-6.2158	-0.6755
138	8	-5.8849	-0.63576
138	11	-6.036	-0.50662
138	19	-8.9209	-0.52649
138	22	-9.1799	-0.77483
138	23	-6.6691	-0.47682
139	2	-5.3885	-0.7649
139	3	-6.2158	-0.66556
139	8	-5.8849	-0.63576
139	11	-6.0288	-0.51656
139	19	-8.9496	-0.52649
139	22	-9.2302	-0.78477
139	23	-6.6763	-0.45695
140	2	-5.3957	-0.7649
140	3	-6.2086	-0.65563
140	8	-5.8921	-0.63576
140	11	-6.036	-0.50662
140	19	-8.9856	-0.52649
140	22	-9.2734	-0.80464
140	23	-6.6763	-0.45695
141	2	-5.3885	-0.74503
141	3	-6.2014	-0.6457
141	8	-5.8993	-0.69536
141	11	-6.0432	-0.51656
141	19	-9.0863	-0.50662
141	22	-9.3597	-0.7947
141	23	-6.7482	-0.54636
142	2	-5.3957	-0.77483
142	3	-6.1727	-0.6457
142	8	-5.9065	-0.69536
142	11	-6.036	-0.50662
142	19	-9.0719	-0.49669
142	22	-9.3741	-0.7947
142	23	-6.705	-0.53642
143	2	-5.3957	-0.7649
143	3	-6.1727	-0.6457
143	8	-5.9065	-0.68543
143	11	-6.0288	-0.49669
143	19	-9.1079	-0.48675
143	22	-9.3813	-0.7947
143	23	-6.705	-0.52649
144	2	-5.3885	-0.74503
144	3	-6.1727	-0.65563
144	8	-5.8993	-0.68543
144	11	-6.0288	-0.50662
144	19	-9.1439	-0.47682
144	22	-9.3813	-0.84437
144	23	-6.705	-0.52649
145	2	-5.3957	-0.7351
145	3	-6.1583	-0.65563
145	8	-5.8921	-0.68543
145	11	-6.0216	-0.49669
145	19	-9.2014	-0.51656
145	22	-9.5324	-0.7947
145	23	-6.7266	-0.52649
146	2	-5.3885	-0.74503
146	3	-6.1511	-0.71523
146	8	-5.8849	-0.68543
146	11	-6.0288	-0.44702
146	19	-9.2374	-0.48675
146	22	-9.5899	-0.7947
146	23	-6.7266	-0.52649
147	2	-5.3885	-0.7351
147	3	-6.1439	-0.71523
147	8	-5.8849	-0.66556
147	11	-6.0288	-0.44702
147	19	-9.3022	-0.50662
147	22	-9.5827	-0.7947
147	23	-6.7266	-0.51656
148	2	-5.3957	-0.7351
148	3	-6.1295	-0.6457
148	8	-5.8849	-0.66556
148	11	-6.0144	-0.44702
148	19	-9.3453	-0.49669
148	22	-9.5683	-0.89404
148	23	-6.7338	-0.51656
149	2	-5.3885	-0.71523
149	3	-6.1151	-0.62583
149	8	-5.8849	-0.66556
149	19	-9.3813	-0.49669
149	23	-6.741	-0.50662
150	2	-5.3885	-0.72517
150	3	-6.1223	-0.66556
150	8	-5.8849	-0.66556
150	19	-9.5036	-0.49669
150	23	-6.7482	-0.51656
151	2	-5.3813	-0.72517
151	3	-6.1223	-0.68543
151	8	-5.9209	-0.65563
151	19	-9.5683	-0.48675
151	23	-6.7266	-0.51656
151	25	-8.2662	-0.61589
152	2	-5.3813	-0.71523
152	3	-6.1151	-0.68543
152	8	-5.8849	-0.6457
152	19	-9.6187	-0.48675
152	23	-6.7194	-0.50662
152	25	-8.3381	-0.6457
153	2	-5.3669	-0.72517
153	3	-6.1079	-0.68543
153	8	-5.8921	-0.62583
153	19	-9.6835	-0.49669
153	23	-6.7554	-0.50662
153	25	-8.3597	-0.65563
154	2	-5.3669	-0.72517
154	3	-6.1007	-0.68543
154	8	-5.8849	-0.62583
154	19	-9.777	-0.51656
154	23	-6.777	-0.50662
154	25	-8.4173	-0.68543
155	2	-5.3741	-0.7351
155	3	-6.0863	-0.66556
155	8	-5.8921	-0.63576
155	19	-9.7914	-0.48675
155	23	-6.7626	-0.50662
155	25	-8.4317	-0.6755
156	2	-5.3741	-0.71523
156	3	-6.0647	-0.66556
156	8	-5.8777	-0.61589
156	19	-9.8993	-0.50662
156	23	-6.777	-0.49669
156	25	-8.4532	-0.66556
157	2	-5.3669	-0.72517
157	3	-6.0719	-0.6755
157	8	-5.8921	-0.63576
157	19	-10	-0.52649
157	23	-6.7698	-0.50662
157	25	-8.5108	-0.68543
158	2	-5.3741	-0.7053
158	3	-6.0504	-0.66556
158	8	-5.8921	-0.62583
158	19	-10.108	-0.58609
158	23	-6.777	-0.50662
158	25	-8.5827	-0.71523
159	2	-5.3669	-0.71523
159	3	-6.0432	-0.66556
159	8	-5.8921	-0.61589
159	19	-10.115	-0.44702
159	23	-6.7842	-0.50662
159	25	-8.5971	-0.7053
160	2	-5.3597	-0.7053
160	3	-6.0288	-0.68543
160	8	-5.8993	-0.62583
160	19	-10.173	-0.58609
160	23	-6.7914	-0.49669
160	25	-8.6619	-0.7351
161	2	-5.3597	-0.7053
161	3	-6.0144	-0.65563
161	8	-5.9065	-0.62583
161	19	-10.209	-0.59603
161	23	-6.8921	-0.52649
161	25	-8.2446	-0.6457
162	2	-5.3741	-0.72517
162	3	-6	-0.6457
162	8	-5.9065	-0.59603
162	19	-10.237	-0.59603
162	23	-6.8561	-0.51656
162	25	-8.2806	-0.63576
163	2	-5.3741	-0.71523
163	3	-6	-0.6457
163	8	-5.9209	-0.61589
163	19	-10.245	-0.54636
163	23	-6.8417	-0.50662
163	25	-8.3022	-0.62583
164	2	-5.3597	-0.72517
164	3	-6	-0.65563
164	8	-5.9281	-0.63576
164	19	-10.331	-0.55629
164	23	-6.8561	-0.50662
164	25	-8.3309	-0.61589
165	2	-5.3669	-0.72517
165	3	-5.9928	-0.66556
165	8	-5.9209	-0.62583
165	19	-10.309	-0.54636
165	23	-6.8561	-0.51656
165	25	-8.3453	-0.62583
166	2	-5.3669	-0.7053
166	3	-5.9856	-0.6457
166	8	-5.9137	-0.63576
166	19	-10.259	-0.24834
166	23	-6.8417	-0.51656
166	25	-8.3669	-0.61589
167	2	-5.3597	-0.7053
167	3	-5.9712	-0.63576
167	8	-5.9209	-0.62583
167	19	-10.23	-0.24834
167	23	-6.8633	-0.54636
167	25	-8.4029	-0.61589
168	2	-5.3525	-0.72517
168	3	-5.964	-0.6457
168	8	-5.9137	-0.61589
168	19	-10.223	-0.38742
168	23	-6.8561	-0.51656
168	25	-8.4532	-0.63576
169	2	-5.3525	-0.72517
169	8	-5.9137	-0.60596
169	23	-6.8705	-0.51656
169	25	-8.4676	-0.62583
170	2	-5.3453	-0.71523
170	8	-5.9209	-0.61589
170	23	-6.8705	-0.51656
170	25	-8.5036	-0.62583
171	2	-5.3381	-0.7053
171	8	-5.9209	-0.59603
171	23	-6.9712	-0.51656
171	25	-8.705	-0.6755
172	2	-5.3381	-0.69536
172	8	-5.9137	-0.60596
172	23	-6.9209	-0.50662
172	25	-8.7122	-0.66556
173	2	-5.3453	-0.69536
173	8	-5.9065	-0.60596
173	23	-6.9209	-0.51656
173	25	-8.7338	-0.65563
174	2	-5.3453	-0.69536
174	8	-5.9065	-0.59603
174	23	-6.9353	-0.49669
174	25	-8.7626	-0.6457
175	2	-5.3381	-0.6755
175	8	-5.9137	-0.59603
175	23	-6.9281	-0.48675
175	25	-8.7626	-0.62583
176	2	-5.3381	-0.6755
176	8	-5.9209	-0.58609
176	23	-6.9424	-0.49669
176	25	-8.8201	-0.61589
177	2	-5.3381	-0.66556
177	8	-5.9065	-0.58609
177	23	-6.9424	-0.50662
177	25	-8.9065	-0.6457
178	2	-5.3381	-0.6755
178	8	-5.9065	-0.58609
178	23	-6.9568	-0.48675
178	25	-8.8993	-0.63576
179	2	-5.3309	-0.66556
179	8	-5.8993	-0.60596
179	23	-6.964	-0.52649
179	25	-8.8921	-0.65563
180	2	-5.3237	-0.6755
180	8	-5.9137	-0.57616
180	23	-6.9712	-0.51656
180	25	-9.0072	-0.66556
181	2	-5.3237	-0.6755
181	8	-5.9065	-0.58609
181	23	-7.0216	-0.47682
181	25	-9.2014	-0.69536
182	2	-5.3237	-0.66556
182	8	-5.8921	-0.57616
182	23	-7.0216	-0.44702
182	25	-9.259	-0.69536
183	2	-5.3094	-0.65563
183	8	-5.8921	-0.58609
183	23	-7.0144	-0.43709
183	25	-9.2878	-0.7053
184	2	-5.3165	-0.66556
184	8	-5.8993	-0.57616
184	23	-7.0432	-0.42715
184	25	-9.295	-0.71523
185	2	-5.3237	-0.66556
185	8	-5.8921	-0.58609
185	23	-7.0504	-0.43709
185	25	-9.3381	-0.71523
186	2	-5.3237	-0.66556
186	8	-5.8993	-0.56623
186	23	-7.0432	-0.42715
186	25	-9.3741	-0.71523
187	2	-5.3165	-0.66556
187	8	-5.8849	-0.56623
187	23	-7.0504	-0.43709
187	25	-9.3813	-0.7351
188	2	-5.3165	-0.66556
188	8	-5.8849	-0.56623
188	23	-7.0647	-0.42715
188	25	-9.3741	-0.7351
189	2	-5.3094	-0.66556
189	8	-5.8921	-0.55629
189	23	-7.0504	-0.43709
189	25	-9.3741	-0.7351
190	2	-5.3022	-0.66556
190	8	-5.8849	-0.56623
190	23	-7.0719	-0.41722
190	25	-9.518	-0.71523
191	2	-5.3165	-0.6755
191	8	-5.8849	-0.55629
191	23	-7.0863	-0.48675
191	25	-9.5971	-0.71523
191	28	-6.6043	-0.43709
192	2	-5.3022	-0.65563
192	8	-5.8777	-0.55629
192	23	-7.0647	-0.48675
192	25	-9.6043	-0.7053
192	28	-6.5971	-0.44702
193	2	-5.3022	-0.6457
193	8	-5.8849	-0.54636
193	23	-7.0647	-0.48675
193	25	-9.6547	-0.7053
193	28	-6.6115	-0.44702
194	2	-5.295	-0.65563
194	8	-5.8849	-0.55629
194	23	-7.0863	-0.47682
194	25	-9.6763	-0.68543
194	28	-6.6187	-0.44702
195	2	-5.295	-0.6457
195	8	-5.8849	-0.54636
195	23	-7.0863	-0.46689
195	25	-9.741	-0.72517
195	28	-6.6187	-0.44702
196	2	-5.295	-0.65563
196	8	-5.8777	-0.55629
196	23	-7.1007	-0.46689
196	25	-9.7338	-0.69536
196	28	-6.6187	-0.44702
197	2	-5.295	-0.6457
197	8	-5.8777	-0.54636
197	23	-7.1079	-0.47682
197	25	-9.8129	-0.72517
197	28	-6.6187	-0.44702
198	2	-5.2806	-0.6457
198	8	-5.8705	-0.54636
198	23	-7.1079	-0.46689
198	25	-9.8633	-0.68543
198	28	-6.6403	-0.45695
199	2	-5.295	-0.6457
199	8	-5.8777	-0.54636
199	23	-7.1295	-0.47682
199	25	-9.9065	-0.71523
199	28	-6.6403	-0.45695
200	2	-5.2878	-0.63576
200	8	-5.8705	-0.54636
200	23	-7.1367	-0.47682
200	25	-9.9928	-0.7053
200	28	-6.6475	-0.45695
201	2	-5.2734	-0.61589
201	8	-5.8777	-0.54636
201	23	-7.2662	-0.46689
201	25	-9.9928	-0.71523
201	28	-6.6403	-0.45695
202	2	-5.2734	-0.60596
202	8	-5.8777	-0.53642
202	23	-7.2446	-0.46689
202	25	-10.137	-0.7351
202	28	-6.6403	-0.44702
203	2	-5.2878	-0.62583
203	8	-5.8777	-0.53642
203	23	-7.2518	-0.46689
203	25	-10.144	-0.74503
203	28	-6.6403	-0.45695
204	2	-5.2878	-0.62583
204	8	-5.8705	-0.54636
204	23	-7.259	-0.47682
204	25	-10.194	-0.74503
204	28	-6.6475	-0.44702
205	2	-5.2734	-0.62583
205	8	-5.8777	-0.54636
205	23	-7.2662	-0.47682
205	25	-10.237	-0.74503
205	28	-6.6331	-0.46689
206	2	-5.2662	-0.63576
206	8	-5.8705	-0.54636
206	23	-7.2662	-0.47682
206	25	-10.223	-0.7053
206	28	-6.6475	-0.46689
207	2	-5.2734	-0.63576
207	8	-5.8633	-0.55629
207	23	-7.2878	-0.48675
207	25	-10.266	-0.69536
207	28	-6.6619	-0.45695
208	2	-5.259	-0.6457
208	8	-5.8633	-0.54636
208	23	-7.3022	-0.48675
208	25	-10.237	-0.6755
208	28	-6.6547	-0.47682
209	2	-5.2662	-0.65563
209	8	-5.8561	-0.54636
209	23	-7.3381	-0.51656
209	25	-10.295	-0.66556
209	28	-6.6691	-0.48675
210	2	-5.2662	-0.63576
210	8	-5.8489	-0.54636
210	23	-7.3453	-0.50662
210	25	-10.367	-0.65563
210	28	-6.6763	-0.48675
211	2	-5.2662	-0.6457
211	8	-5.8561	-0.54636
211	23	-7.3525	-0.49669
211	25	-10.439	-0.65563
211	28	-6.6978	-0.48675
211	30	-6.1151	-0.55629
211	31	-6.0432	-0.50662
212	2	-5.2446	-0.61589
212	8	-5.8561	-0.54636
212	23	-7.3237	-0.47682
212	25	-10.468	-0.65563
212	28	-6.6978	-0.48675
212	30	-6.1151	-0.55629
212	31	-6.0576	-0.49669
213	2	-5.2374	-0.62583
213	8	-5.8561	-0.54636
213	23	-7.3381	-0.46689
213	25	-10.518	-0.66556
213	28	-6.6978	-0.48675
213	30	-6.1223	-0.53642
213	31	-6.0504	-0.48675
214	2	-5.2446	-0.62583
214	8	-5.8633	-0.54636
214	23	-7.3453	-0.46689
214	25	-10.547	-0.6755
214	28	-6.705	-0.47682
214	30	-6.1151	-0.55629
214	31	-6.0576	-0.49669
215	2	-5.2374	-0.62583
215	8	-5.8633	-0.53642
215	23	-7.3669	-0.45695
215	25	-10.59	-0.71523
215	28	-6.705	-0.47682
215	30	-6.1151	-0.56623
215	31	-6.0504	-0.49669
216	2	-5.2446	-0.61589
216	8	-5.8705	-0.54636
216	23	-7.3669	-0.46689
216	25	-10.525	-0.71523
216	28	-6.7194	-0.48675
216	30	-6.1151	-0.56623
216	31	-6.0504	-0.49669
217	2	-5.2374	-0.61589
217	8	-5.8633	-0.54636
217	23	-7.3813	-0.46689
217	25	-10.576	-0.59603
217	28	-6.7194	-0.48675
217	30	-6.1151	-0.56623
217	31	-6.0647	-0.50662
218	2	-5.2302	-0.62583
218	8	-5.8705	-0.54636
218	23	-7.4029	-0.46689
218	25	-10.54	-0.69536
218	28	-6.7266	-0.48675
218	30	-6.1079	-0.59603
218	31	-6.0647	-0.50662
219	2	-5.2302	-0.62583
219	8	-5.8633	-0.55629
219	23	-7.4029	-0.47682
219	28	-6.741	-0.49669
219	30	-6.1151	-0.56623
220	2	-5.2518	-0.62583
220	8	-5.8705	-0.54636
220	23	-7.4173	-0.47682
220	28	-6.7482	-0.50662
220	30	-6.1151	-0.55629
221	2	-5.2374	-0.60596
221	8	-5.8633	-0.55629
221	23	-7.5324	-0.48675
221	28	-6.7554	-0.50662
221	30	-6.1079	-0.55629
222	2	-5.2302	-0.60596
222	8	-5.8777	-0.54636
222	23	-7.4964	-0.47682
222	28	-6.7626	-0.50662
222	30	-6.1079	-0.58609
223	2	-5.223	-0.60596
223	8	-5.8777	-0.55629
223	23	-7.5324	-0.48675
223	28	-6.7626	-0.49669
223	30	-6.1079	-0.59603
224	2	-5.2302	-0.60596
224	8	-5.8705	-0.54636
224	23	-7.5468	-0.49669
224	28	-6.777	-0.50662
224	30	-6.1151	-0.59603
225	2	-5.223	-0.61589
225	8	-5.8705	-0.54636
225	23	-7.5899	-0.49669
225	28	-6.7914	-0.51656
225	30	-6.1079	-0.58609
226	2	-5.223	-0.61589
226	8	-5.8705	-0.53642
226	23	-7.5755	-0.49669
226	28	-6.7914	-0.51656
226	30	-6.1079	-0.58609
227	2	-5.2086	-0.61589
227	8	-5.8705	-0.54636
227	23	-7.5899	-0.47682
227	28	-6.7986	-0.52649
227	30	-6.1007	-0.59603
228	2	-5.2158	-0.61589
228	8	-5.8705	-0.53642
228	23	-7.6043	-0.48675
228	28	-6.8129	-0.52649
228	30	-6.1079	-0.59603
229	2	-5.2086	-0.62583
229	8	-5.8705	-0.54636
229	23	-7.6187	-0.49669
229	28	-6.8129	-0.52649
229	30	-6.1151	-0.60596
230	2	-5.2086	-0.61589
230	8	-5.8705	-0.53642
230	23	-7.6403	-0.48675
230	28	-6.8201	-0.51656
230	30	-6.1151	-0.58609
231	2	-5.2086	-0.62583
231	8	-5.8921	-0.56623
231	23	-7.7554	-0.56623
231	28	-6.8561	-0.52649
231	30	-6.0719	-0.59603
232	2	-5.2014	-0.62583
232	8	-5.8705	-0.55629
232	23	-7.7338	-0.55629
232	28	-6.8561	-0.52649
232	30	-6.0791	-0.58609
233	2	-5.2086	-0.62583
233	8	-5.8705	-0.55629
233	23	-7.7482	-0.55629
233	28	-6.8561	-0.53642
233	30	-6.0863	-0.54636
234	2	-5.1942	-0.6457
234	8	-5.8777	-0.56623
234	23	-7.777	-0.55629
234	28	-6.8705	-0.53642
234	30	-6.0863	-0.57616
235	2	-5.1942	-0.62583
235	8	-5.8777	-0.56623
235	23	-7.8058	-0.55629
235	28	-6.8705	-0.54636
235	30	-6.0791	-0.57616
236	2	-5.1799	-0.61589
236	8	-5.8777	-0.57616
236	23	-7.8273	-0.56623
236	28	-6.8777	-0.54636
236	30	-6.0863	-0.60596
237	2	-5.1871	-0.62583
237	8	-5.8777	-0.56623
237	23	-7.8489	-0.56623
237	28	-6.8849	-0.54636
237	30	-6.0863	-0.61589
238	2	-5.1799	-0.62583
238	8	-5.8705	-0.56623
238	23	-7.8633	-0.57616
238	28	-6.8993	-0.54636
238	30	-6.0863	-0.62583
239	2	-5.1942	-0.63576
239	8	-5.8633	-0.56623
239	23	-7.8993	-0.58609
239	28	-6.8993	-0.54636
239	30	-6.0935	-0.62583
240	2	-5.1871	-0.6457
240	8	-5.8777	-0.56623
240	23	-7.9281	-0.57616
240	28	-6.9137	-0.53642
240	30	-6.1007	-0.60596
241	2	-5.1871	-0.6457
241	8	-5.8777	-0.56623
241	23	-7.9353	-0.58609
241	28	-6.9281	-0.53642
241	30	-6.0647	-0.61589
242	2	-5.1871	-0.6457
242	8	-5.8849	-0.53642
242	23	-7.9424	-0.57616
242	28	-6.9137	-0.52649
242	30	-6.0576	-0.60596
243	2	-5.1871	-0.62583
243	8	-5.8777	-0.57616
243	23	-7.9568	-0.58609
243	28	-6.9209	-0.53642
243	30	-6.0719	-0.59603
244	2	-5.1727	-0.62583
244	8	-5.8705	-0.57616
244	23	-8	-0.60596
244	28	-6.9137	-0.53642
244	30	-6.0647	-0.58609
245	2	-5.1727	-0.62583
245	8	-5.8777	-0.57616
245	23	-8.0072	-0.59603
245	28	-6.9281	-0.54636
245	30	-6.0647	-0.60596
246	2	-5.1727	-0.63576
246	8	-5.8849	-0.57616
246	23	-8.036	-0.59603
246	28	-6.9353	-0.53642
246	30	-6.0719	-0.62583
247	2	-5.1655	-0.6457
247	8	-5.8777	-0.57616
247	23	-8.0576	-0.59603
247	28	-6.9424	-0.54636
247	30	-6.0719	-0.62583
248	2	-5.1655	-0.62583
248	8	-5.8849	-0.57616
248	23	-8.1007	-0.60596
248	28	-6.9568	-0.53642
248	30	-6.0791	-0.62583
249	2	-5.1655	-0.63576
249	8	-5.8705	-0.56623
249	23	-8.1079	-0.59603
249	28	-6.9568	-0.53642
249	30	-6.0791	-0.61589
250	2	-5.1727	-0.6457
250	8	-5.8777	-0.57616
250	23	-8.1079	-0.59603
250	28	-6.964	-0.54636
250	30	-6.0791	-0.61589
251	2	-5.1727	-0.6457
251	8	-5.8849	-0.56623
251	23	-8.223	-0.58609
251	28	-7.0719	-0.53642
251	30	-6.0863	-0.61589
251	32	-6.0791	-0.56623
251	33	-6.5827	-0.47682
252	2	-5.1799	-0.65563
252	8	-5.8777	-0.57616
252	23	-8.1799	-0.58609
252	28	-7.0576	-0.54636
252	30	-6.0863	-0.60596
252	32	-6.0791	-0.56623
252	33	-6.5899	-0.48675
253	2	-5.1727	-0.63576
253	8	-5.8777	-0.53642
253	23	-8.2086	-0.57616
253	28	-7.0719	-0.54636
253	30	-6.0791	-0.63576
253	32	-6.1007	-0.57616
253	33	-6.5971	-0.47682
254	2	-5.1727	-0.62583
254	8	-5.8921	-0.54636
254	23	-8.2878	-0.59603
254	28	-7.0935	-0.54636
254	30	-6.0863	-0.62583
254	32	-6.0935	-0.57616
254	33	-6.6043	-0.48675
255	2	-5.1439	-0.61589
255	8	-5.8921	-0.54636
255	23	-8.2878	-0.59603
255	28	-7.0863	-0.53642
255	30	-6.0791	-0.62583
255	32	-6.0935	-0.56623
255	33	-6.6187	-0.47682
256	2	-5.1511	-0.61589
256	8	-5.8849	-0.53642
256	23	-8.3165	-0.59603
256	28	-7.1007	-0.54636
256	30	-6.0791	-0.61589
256	32	-6.0935	-0.57616
256	33	-6.6259	-0.47682
257	2	-5.1511	-0.62583
257	8	-5.9065	-0.54636
257	23	-8.3381	-0.59603
257	28	-7.1079	-0.55629
257	30	-6.0863	-0.62583
257	32	-6.1007	-0.56623
257	33	-6.6331	-0.47682
258	2	-5.1655	-0.63576
258	8	-5.9065	-0.54636
258	23	-8.3885	-0.59603
258	28	-7.1295	-0.53642
258	30	-6.0863	-0.6457
258	32	-6.1079	-0.56623
258	33	-6.6331	-0.47682
259	2	-5.1583	-0.62583
259	8	-5.9209	-0.54636
259	23	-8.4173	-0.59603
259	28	-7.1367	-0.53642
259	30	-6.0863	-0.61589
259	32	-6.1079	-0.53642
259	33	-6.6475	-0.46689
260	2	-5.1727	-0.65563
260	8	-5.9209	-0.54636
260	23	-8.4892	-0.59603
260	28	-7.1439	-0.53642
260	30	-6.0863	-0.62583
260	32	-6.1223	-0.55629
260	33	-6.6547	-0.46689
261	2	-5.1727	-0.65563
261	8	-5.9209	-0.6457
261	23	-8.6259	-0.59603
261	28	-7.1511	-0.53642
261	30	-6.0863	-0.63576
261	32	-6.1151	-0.57616
261	33	-6.6547	-0.47682
261	35	-6.5468	-0.52649
262	2	-5.1727	-0.66556
262	8	-5.9065	-0.63576
262	23	-8.6187	-0.58609
262	28	-7.1439	-0.54636
262	30	-6.1007	-0.62583
262	32	-6.1295	-0.55629
262	33	-6.6619	-0.46689
262	35	-6.5468	-0.51656
263	2	-5.1727	-0.65563
263	8	-5.9137	-0.62583
263	23	-8.6331	-0.57616
263	28	-7.1583	-0.53642
263	30	-6.0935	-0.60596
263	32	-6.1367	-0.55629
263	33	-6.6619	-0.45695
263	35	-6.554	-0.51656
264	2	-5.1727	-0.6457
264	8	-5.9137	-0.61589
264	23	-8.7122	-0.59603
264	28	-7.1655	-0.53642
264	30	-6.0935	-0.62583
264	32	-6.1367	-0.55629
264	33	-6.6691	-0.45695
264	35	-6.5612	-0.51656
265	2	-5.1727	-0.63576
265	8	-5.9137	-0.63576
265	23	-8.7914	-0.61589
265	28	-7.1871	-0.53642
265	30	-6.1079	-0.63576
265	32	-6.1367	-0.53642
265	33	-6.6763	-0.44702
265	35	-6.5612	-0.51656
266	2	-5.1799	-0.65563
266	8	-5.9137	-0.61589
266	23	-8.7914	-0.60596
266	28	-7.1871	-0.52649
266	30	-6.0935	-0.63576
266	32	-6.1439	-0.53642
266	33	-6.6835	-0.44702
266	35	-6.5683	-0.51656
267	2	-5.1799	-0.62583
267	8	-5.9137	-0.62583
267	23	-8.8058	-0.59603
267	28	-7.2014	-0.53642
267	30	-6.1007	-0.62583
267	32	-6.1367	-0.54636
267	33	-6.6978	-0.44702
267	35	-6.5827	-0.52649
268	2	-5.1655	-0.62583
268	8	-5.9137	-0.62583
268	23	-8.8417	-0.59603
268	28	-7.2158	-0.53642
268	30	-6.1007	-0.62583
268	32	-6.1439	-0.53642
268	33	-6.6978	-0.44702
268	35	-6.5827	-0.52649
269	2	-5.1799	-0.65563
269	8	-5.9137	-0.61589
269	23	-8.8705	-0.58609
269	28	-7.2446	-0.54636
269	30	-6.0935	-0.62583
269	32	-6.1511	-0.54636
269	33	-6.705	-0.44702
269	35	-6.6043	-0.51656
270	2	-5.1655	-0.61589
270	8	-5.9137	-0.60596
270	23	-8.8993	-0.60596
270	28	-7.2518	-0.55629
270	30	-6.1007	-0.63576
270	32	-6.1583	-0.54636
270	33	-6.7266	-0.45695
270	35	-6.6043	-0.52649
271	2	-5.1727	-0.61589
271	8	-5.9065	-0.63576
271	23	-9.1223	-0.62583
271	28	-7.3022	-0.53642
271	30	-6.0863	-0.6457
271	32	-6.1367	-0.58609
271	33	-6.7698	-0.51656
271	35	-6.6187	-0.51656
271	37	-5.4604	-0.54636
271	38	-6.4101	-0.54636
272	2	-5.1727	-0.6457
272	8	-5.9065	-0.62583
272	23	-9.1511	-0.62583
272	28	-7.295	-0.53642
272	30	-6.0935	-0.63576
272	32	-6.1367	-0.60596
272	33	-6.777	-0.47682
272	35	-6.6331	-0.51656
272	37	-5.4532	-0.51656
272	38	-6.3957	-0.56623
273	2	-5.1727	-0.62583
273	8	-5.9065	-0.61589
273	23	-9.1727	-0.6457
273	28	-7.295	-0.53642
273	30	-6.0935	-0.63576
273	32	-6.1295	-0.59603
273	33	-6.777	-0.49669
273	35	-6.6403	-0.52649
273	37	-5.4748	-0.52649
273	38	-6.4173	-0.54636
274	2	-5.1799	-0.62583
274	8	-5.9137	-0.61589
274	23	-9.223	-0.63576
274	28	-7.3022	-0.54636
274	30	-6.0863	-0.62583
274	32	-6.1295	-0.58609
274	33	-6.7842	-0.49669
274	35	-6.6475	-0.52649
274	37	-5.4676	-0.53642
274	38	-6.4173	-0.55629
275	2	-5.1727	-0.6457
275	8	-5.9065	-0.62583
275	23	-9.2734	-0.65563
275	28	-7.3237	-0.54636
275	30	-6.0935	-0.63576
275	32	-6.1367	-0.58609
275	33	-6.7914	-0.48675
275	35	-6.6619	-0.54636
275	37	-5.4676	-0.52649
275	38	-6.4029	-0.54636
276	2	-5.1942	-0.66556
276	8	-5.9065	-0.62583
276	23	-9.3094	-0.6457
276	28	-7.3381	-0.53642
276	30	-6.0863	-0.66556
276	32	-6.1367	-0.59603
276	33	-6.8058	-0.49669
276	35	-6.6691	-0.54636
276	37	-5.4676	-0.53642
276	38	-6.4317	-0.56623
277	2	-5.1799	-0.63576
277	8	-5.9137	-0.62583
277	23	-9.3597	-0.66556
277	28	-7.3597	-0.55629
277	30	-6.0935	-0.6457
277	32	-6.1295	-0.58609
277	33	-6.7986	-0.49669
277	35	-6.6835	-0.54636
277	37	-5.482	-0.53642
277	38	-6.4245	-0.56623
278	2	-5.1799	-0.62583
278	8	-5.9137	-0.61589
278	23	-9.3813	-0.6457
278	28	-7.3669	-0.55629
278	30	-6.0935	-0.65563
278	32	-6.1367	-0.57616
278	33	-6.8273	-0.50662
278	35	-6.6906	-0.55629
278	37	-5.482	-0.53642
278	38	-6.4317	-0.58609
279	2	-5.1871	-0.6457
279	8	-5.9065	-0.63576
279	23	-9.5036	-0.63576
279	28	-7.3813	-0.56623
279	30	-6.0935	-0.65563
279	32	-6.1439	-0.56623
279	33	-6.8417	-0.49669
279	35	-6.705	-0.55629
279	37	-5.4676	-0.54636
279	38	-6.4317	-0.54636
280	2	-5.1871	-0.6457
280	8	-5.9137	-0.63576
280	23	-9.5971	-0.6457
280	28	-7.4029	-0.55629
280	30	-6.1007	-0.65563
280	32	-6.1367	-0.57616
280	33	-6.8561	-0.48675
280	35	-6.7194	-0.54636
280	37	-5.4748	-0.54636
280	38	-6.4532	-0.55629
281	2	-5.1871	-0.66556
281	8	-5.9137	-0.63576
281	23	-9.6259	-0.7053
281	28	-7.4388	-0.56623
281	30	-6.1079	-0.68543
281	32	-6.1727	-0.57616
281	33	-6.8921	-0.52649
281	35	-6.7338	-0.54636
281	37	-5.482	-0.54636
281	38	-6.482	-0.57616
282	2	-5.1871	-0.66556
282	8	-5.9209	-0.63576
282	23	-9.6619	-0.7053
282	28	-7.4245	-0.57616
282	30	-6.1007	-0.66556
282	32	-6.1799	-0.56623
282	33	-6.8849	-0.51656
282	35	-6.7338	-0.55629
282	37	-5.482	-0.54636
282	38	-6.482	-0.57616
283	2	-5.1942	-0.68543
283	8	-5.9137	-0.63576
283	23	-9.7986	-0.72517
283	28	-7.446	-0.56623
283	30	-6.1007	-0.65563
283	32	-6.1799	-0.56623
283	33	-6.8993	-0.49669
283	35	-6.7482	-0.54636
283	37	-5.482	-0.53642
283	38	-6.4964	-0.56623
284	2	-5.1871	-0.6755
284	8	-5.9137	-0.62583
284	23	-9.8273	-0.72517
284	28	-7.4676	-0.59603
284	30	-6.1079	-0.65563
284	32	-6.1871	-0.56623
284	33	-6.9137	-0.51656
284	35	-6.7698	-0.56623
284	37	-5.482	-0.54636
284	38	-6.4892	-0.57616
285	2	-5.1942	-0.66556
285	8	-5.9137	-0.63576
285	23	-9.8993	-0.7351
285	28	-7.4892	-0.58609
285	30	-6.0863	-0.6457
285	32	-6.1799	-0.55629
285	33	-6.9209	-0.51656
285	35	-6.7698	-0.56623
285	37	-5.482	-0.54636
285	38	-6.4964	-0.57616
286	2	-5.1942	-0.6755
286	8	-5.9065	-0.63576
286	23	-10.022	-0.7649
286	28	-7.5036	-0.59603
286	30	-6.0791	-0.61589
286	32	-6.1942	-0.53642
286	33	-6.9353	-0.50662
286	35	-6.777	-0.55629
286	37	-5.4748	-0.54636
286	38	-6.4964	-0.58609
287	2	-5.1871	-0.6755
287	8	-5.9137	-0.63576
287	23	-10.094	-0.75497
287	28	-7.5252	-0.58609
287	30	-6.0863	-0.63576
287	32	-6.1871	-0.53642
287	33	-6.9496	-0.51656
287	35	-6.7914	-0.56623
287	37	-5.4748	-0.55629
287	38	-6.5108	-0.58609
288	2	-5.1871	-0.6755
288	8	-5.9065	-0.63576
288	23	-10.137	-0.75497
288	28	-7.5324	-0.59603
288	30	-6.0791	-0.65563
288	32	-6.1799	-0.54636
288	33	-6.964	-0.50662
288	35	-6.7914	-0.56623
288	37	-5.4748	-0.56623
288	38	-6.5468	-0.56623
289	2	-5.1871	-0.66556
289	8	-5.9065	-0.63576
289	23	-10.245	-0.74503
289	28	-7.554	-0.58609
289	30	-6.0935	-0.65563
289	32	-6.1799	-0.53642
289	33	-6.9784	-0.50662
289	35	-6.8129	-0.55629
289	37	-5.482	-0.55629
289	38	-6.5468	-0.57616
290	2	-5.1942	-0.65563
290	8	-5.9065	-0.63576
290	23	-10.23	-0.74503
290	28	-7.5755	-0.58609
290	30	-6.0863	-0.65563
290	32	-6.1799	-0.55629
290	33	-6.9928	-0.50662
290	35	-6.8201	-0.56623
290	37	-5.4892	-0.55629
290	38	-6.5683	-0.58609
291	2	-5.1942	-0.65563
291	8	-5.9137	-0.6457
291	23	-10.331	-0.77483
291	28	-7.6763	-0.60596
291	30	-6.0647	-0.66556
291	32	-6.2302	-0.56623
291	33	-7.0288	-0.62583
291	35	-6.8201	-0.61589
291	37	-5.482	-0.56623
291	38	-6.6475	-0.50662
292	2	-5.1871	-0.6457
292	8	-5.9065	-0.6457
292	23	-10.367	-0.78477
292	28	-7.6619	-0.59603
292	30	-6.0791	-0.6457
292	32	-6.2302	-0.55629
292	33	-7.0288	-0.57616
292	35	-6.8273	-0.62583
292	37	-5.482	-0.57616
292	38	-6.6115	-0.47682
293	2	-5.1942	-0.66556
293	8	-5.9065	-0.6457
293	23	-10.36	-0.74503
293	28	-7.6763	-0.61589
293	30	-6.0719	-0.63576
293	32	-6.2302	-0.55629
293	33	-7.036	-0.57616
293	35	-6.8345	-0.62583
293	37	-5.4892	-0.56623
293	38	-6.6331	-0.47682
294	2	-5.1942	-0.65563
294	8	-5.9137	-0.6457
294	23	-10.403	-0.7351
294	28	-7.6978	-0.60596
294	30	-6.0647	-0.63576
294	32	-6.2302	-0.54636
294	33	-7.0647	-0.56623
294	35	-6.8489	-0.61589
294	37	-5.482	-0.57616
294	38	-6.6331	-0.46689
295	2	-5.2014	-0.65563
295	8	-5.9137	-0.6457
295	23	-10.561	-0.77483
295	28	-7.7122	-0.60596
295	30	-6.0791	-0.65563
295	32	-6.2302	-0.53642
295	33	-7.0791	-0.57616
295	35	-6.8633	-0.62583
295	37	-5.4748	-0.55629
295	38	-6.6475	-0.47682
296	2	-5.2014	-0.66556
296	8	-5.9209	-0.6457
296	23	-10.518	-0.72517
296	28	-7.7338	-0.63576
296	30	-6.0791	-0.6457
296	32	-6.2302	-0.54636
296	33	-7.0935	-0.56623
296	35	-6.8705	-0.63576
296	37	-5.4892	-0.55629
296	38	-6.6475	-0.48675
297	2	-5.1871	-0.65563
297	8	-5.9209	-0.65563
297	23	-10.64	-0.71523
297	28	-7.7698	-0.63576
297	30	-6.0647	-0.6457
297	32	-6.223	-0.55629
297	33	-7.1079	-0.58609
297	35	-6.8849	-0.61589
297	37	-5.4892	-0.56623
297	38	-6.6547	-0.49669
298	2	-5.1799	-0.65563
298	8	-5.9281	-0.68543
298	23	-10.612	-0.69536
298	28	-7.7914	-0.63576
298	30	-6.0719	-0.6457
298	32	-6.2158	-0.56623
298	33	-7.1223	-0.57616
298	35	-6.8993	-0.62583
298	37	-5.4964	-0.56623
298	38	-6.6547	-0.48675
299	2	-5.1871	-0.6457
299	8	-5.9353	-0.6755
299	28	-7.8058	-0.6457
299	30	-6.0719	-0.6457
299	32	-6.223	-0.54636
299	33	-7.1583	-0.58609
299	35	-6.9137	-0.65563
299	37	-5.4892	-0.57616
299	38	-6.6619	-0.48675
300	2	-5.2014	-0.66556
300	8	-5.9353	-0.6755
300	28	-7.8201	-0.6457
300	30	-6.0647	-0.65563
300	32	-6.2158	-0.54636
300	33	-7.1655	-0.58609
300	35	-6.9209	-0.62583
300	37	-5.4964	-0.56623
300	38	-6.6763	-0.48675
301	2	-5.2014	-0.65563
301	8	-5.9281	-0.68543
301	28	-7.8633	-0.62583
301	30	-6.0432	-0.68543
301	32	-6.2878	-0.56623
301	33	-7.1942	-0.59603
301	35	-6.9353	-0.6457
301	37	-5.5036	-0.62583
301	38	-6.7914	-0.55629
302	2	-5.2014	-0.65563
302	8	-5.9209	-0.6755
302	28	-7.8561	-0.63576
302	30	-6.036	-0.68543
302	32	-6.2446	-0.56623
302	33	-7.2158	-0.59603
302	35	-6.9496	-0.65563
302	37	-5.4964	-0.59603
302	38	-6.7482	-0.55629
303	2	-5.2014	-0.66556
303	8	-5.9281	-0.68543
303	28	-7.8849	-0.63576
303	30	-6.036	-0.66556
303	32	-6.2518	-0.59603
303	33	-7.2158	-0.59603
303	35	-6.9712	-0.6457
303	37	-5.4964	-0.58609
303	38	-6.7626	-0.55629
304	2	-5.2086	-0.65563
304	8	-5.9281	-0.68543
304	28	-7.9065	-0.63576
304	30	-6.0432	-0.69536
304	32	-6.2446	-0.59603
304	33	-7.2446	-0.59603
304	35	-6.9928	-0.65563
304	37	-5.4964	-0.60596
304	38	-6.777	-0.54636
305	2	-5.2014	-0.6457
305	8	-5.9281	-0.6755
305	28	-7.9353	-0.63576
305	30	-6.0432	-0.7053
305	32	-6.2302	-0.58609
305	33	-7.2518	-0.58609
305	35	-7.0072	-0.65563
305	37	-5.4964	-0.56623
305	38	-6.777	-0.55629
306	2	-5.2014	-0.6457
306	8	-5.9209	-0.6755
306	28	-7.964	-0.65563
306	30	-6.036	-0.6755
306	32	-6.2374	-0.59603
306	33	-7.2734	-0.63576
306	35	-7.0216	-0.66556
306	37	-5.4892	-0.59603
306	38	-6.7986	-0.55629
307	2	-5.2158	-0.66556
307	8	-5.9281	-0.69536
307	28	-7.9928	-0.6457
307	30	-6.036	-0.6755
307	32	-6.2302	-0.57616
307	33	-7.295	-0.62583
307	35	-7.036	-0.65563
307	37	-5.4892	-0.61589
307	38	-6.8058	-0.52649
308	2	-5.2158	-0.66556
308	8	-5.9353	-0.69536
308	28	-8.0144	-0.66556
308	30	-6.0432	-0.6755
308	32	-6.2374	-0.59603
308	33	-7.3165	-0.61589
308	35	-7.0432	-0.65563
308	37	-5.4892	-0.58609
308	38	-6.8058	-0.53642
309	2	-5.2158	-0.65563
309	8	-5.9353	-0.68543
309	28	-8.0432	-0.6755
309	30	-6.0504	-0.6755
309	32	-6.2374	-0.58609
309	33	-7.3453	-0.62583
309	35	-7.0576	-0.6755
309	37	-5.5036	-0.56623
309	38	-6.8273	-0.54636
310	2	-5.2302	-0.65563
310	8	-5.9281	-0.69536
310	28	-8.0647	-0.6755
310	30	-6.0504	-0.6755
310	32	-6.2374	-0.56623
310	33	-7.3669	-0.62583
310	35	-7.0791	-0.68543
310	37	-5.5036	-0.58609
310	38	-6.8345	-0.55629
311	2	-5.2374	-0.66556
311	8	-5.9281	-0.69536
311	28	-8.1511	-0.6755
311	30	-6.0432	-0.66556
311	32	-6.2878	-0.57616
311	33	-7.4173	-0.66556
311	35	-7.1007	-0.68543
311	37	-5.4964	-0.57616
311	38	-6.8417	-0.56623
312	2	-5.2374	-0.66556
312	8	-5.9424	-0.69536
312	28	-8.1223	-0.7053
312	30	-6.0576	-0.68543
312	32	-6.2374	-0.58609
312	33	-7.4245	-0.61589
312	35	-7.1295	-0.69536
312	37	-5.482	-0.54636
312	38	-6.8129	-0.54636
313	2	-5.2374	-0.6755
313	8	-5.9424	-0.69536
313	28	-8.1583	-0.69536
313	30	-6.0504	-0.68543
313	32	-6.2374	-0.57616
313	33	-7.4388	-0.63576
313	35	-7.1511	-0.7053
313	37	-5.482	-0.53642
313	38	-6.8201	-0.55629
314	2	-5.2446	-0.66556
314	8	-5.9424	-0.7053
314	28	-8.1871	-0.71523
314	30	-6.0504	-0.68543
314	32	-6.2374	-0.58609
314	33	-7.4604	-0.61589
314	35	-7.1655	-0.7053
314	37	-5.4964	-0.54636
314	38	-6.8417	-0.55629
315	2	-5.2374	-0.6755
315	8	-5.9353	-0.7053
315	28	-8.2158	-0.72517
315	30	-6.0504	-0.69536
315	32	-6.2374	-0.56623
315	33	-7.4892	-0.6457
315	35	-7.1727	-0.71523
315	37	-5.4892	-0.53642
315	38	-6.8561	-0.56623
316	2	-5.2302	-0.66556
316	8	-5.9424	-0.69536
316	28	-8.2518	-0.72517
316	30	-6.0576	-0.68543
316	32	-6.2374	-0.58609
316	33	-7.5108	-0.65563
316	35	-7.2014	-0.7053
316	37	-5.4964	-0.54636
316	38	-6.8777	-0.56623
317	2	-5.2374	-0.66556
317	8	-5.9496	-0.7053
317	28	-8.2806	-0.74503
317	30	-6.0647	-0.68543
317	32	-6.2518	-0.57616
317	33	-7.5324	-0.65563
317	35	-7.223	-0.69536
317	37	-5.4964	-0.53642
317	38	-6.8993	-0.55629
318	2	-5.2374	-0.68543
318	8	-5.9496	-0.7053
318	28	-8.3165	-0.7351
318	30	-6.0719	-0.7053
318	32	-6.2518	-0.58609
318	33	-7.5612	-0.6457
318	35	-7.2374	-0.7053
318	37	-5.4892	-0.54636
318	38	-6.9137	-0.54636
319	2	-5.2374	-0.6755
319	8	-5.9496	-0.69536
319	28	-8.3597	-0.77483
319	32	-6.2518	-0.57616
319	33	-7.5899	-0.63576
319	35	-7.259	-0.7053
319	37	-5.4964	-0.53642
319	38	-6.9137	-0.53642
320	2	-5.2446	-0.69536
320	8	-5.9568	-0.7053
320	28	-8.3957	-0.7649
320	32	-6.2446	-0.57616
320	33	-7.6115	-0.61589
320	35	-7.2806	-0.71523
320	37	-5.5036	-0.54636
320	38	-6.9353	-0.54636
321	2	-5.2446	-0.69536
321	8	-5.9496	-0.69536
321	28	-8.5252	-0.7649
321	32	-6.3237	-0.58609
321	33	-7.6403	-0.71523
321	35	-7.3309	-0.65563
321	37	-5.5324	-0.60596
321	38	-6.9568	-0.62583
322	2	-5.2446	-0.68543
322	8	-5.9496	-0.7053
322	28	-8.5108	-0.78477
322	32	-6.2806	-0.60596
322	33	-7.6691	-0.6755
322	35	-7.3237	-0.65563
322	37	-5.518	-0.61589
322	38	-6.964	-0.62583
323	2	-5.2518	-0.69536
323	8	-5.9496	-0.71523
323	28	-8.5396	-0.77483
323	32	-6.2878	-0.61589
323	33	-7.6978	-0.6755
323	35	-7.3381	-0.65563
323	37	-5.518	-0.59603
323	38	-6.9784	-0.62583
324	2	-5.2518	-0.69536
324	8	-5.9424	-0.71523
324	28	-8.5827	-0.7649
324	32	-6.295	-0.60596
324	33	-7.7266	-0.66556
324	35	-7.3597	-0.66556
324	37	-5.5252	-0.61589
324	38	-6.9856	-0.62583
325	2	-5.2518	-0.68543
325	8	-5.9496	-0.72517
325	28	-8.6187	-0.80464
325	32	-6.2806	-0.60596
325	33	-7.7554	-0.68543
325	35	-7.3885	-0.66556
325	37	-5.5324	-0.62583
325	38	-6.9856	-0.63576
326	2	-5.2374	-0.68543
326	8	-5.9712	-0.7351
326	28	-8.6475	-0.84437
326	32	-6.295	-0.61589
326	33	-7.7914	-0.7053
326	35	-7.4101	-0.65563
326	37	-5.5324	-0.62583
326	38	-7.0072	-0.63576
327	2	-5.2446	-0.6755
327	8	-5.9784	-0.74503
327	28	-8.6978	-0.8245
327	32	-6.3094	-0.60596
327	33	-7.8273	-0.7053
327	35	-7.4317	-0.68543
327	37	-5.5396	-0.61589
327	38	-7.0144	-0.62583
328	2	-5.2446	-0.7053
328	8	-5.9784	-0.74503
328	28	-8.741	-0.81457
328	32	-6.3022	-0.60596
328	33	-7.8633	-0.75497
328	35	-7.4604	-0.69536
328	37	-5.5324	-0.55629
328	38	-7.0576	-0.63576
329	2	-5.2446	-0.69536
329	8	-5.9712	-0.7351
329	28	-8.7914	-0.86424
329	32	-6.3022	-0.61589
329	33	-7.8849	-0.75497
329	35	-7.482	-0.71523
329	37	-5.5324	-0.56623
329	38	-7.0719	-0.63576
330	2	-5.2518	-0.68543
330	8	-5.9712	-0.7351
330	28	-8.8345	-0.8543
330	32	-6.3022	-0.61589
330	33	-7.9353	-0.74503
330	35	-7.5036	-0.71523
330	37	-5.5252	-0.55629
330	38	-7.0863	-0.63576
331	2	-5.259	-0.68543
331	8	-5.9928	-0.7351
331	28	-8.8777	-0.8543
331	32	-6.3094	-0.61589
331	33	-7.964	-0.74503
331	35	-7.5612	-0.71523
331	37	-5.5252	-0.61589
332	2	-5.2374	-0.69536
332	8	-5.9784	-0.7351
332	28	-8.8849	-0.87417
332	32	-6.3022	-0.61589
332	33	-8	-0.72517
332	35	-7.5612	-0.71523
332	37	-5.518	-0.61589
333	2	-5.2446	-0.68543
333	8	-5.9856	-0.7351
333	28	-8.9209	-0.86424
333	32	-6.3094	-0.60596
333	33	-8.036	-0.7053
333	35	-7.5827	-0.71523
333	37	-5.5252	-0.59603
334	2	-5.2374	-0.69536
334	8	-5.9856	-0.72517
334	28	-8.9784	-0.88411
334	32	-6.3094	-0.61589
334	33	-8.0719	-0.7053
334	35	-7.6043	-0.7053
334	37	-5.5324	-0.58609
335	2	-5.2446	-0.69536
335	8	-5.9928	-0.7351
335	28	-9.0216	-0.89404
335	32	-6.3094	-0.62583
335	33	-8.1223	-0.7053
335	35	-7.6403	-0.7053
335	37	-5.5252	-0.59603
336	2	-5.2446	-0.69536
336	8	-5.9928	-0.7351
336	28	-9.0791	-0.88411
336	32	-6.3165	-0.60596
336	33	-8.1655	-0.72517
336	35	-7.6691	-0.7053
336	37	-5.5252	-0.59603
337	2	-5.2446	-0.7053
337	8	-5.9928	-0.7351
337	28	-9.1151	-0.89404
337	32	-6.3165	-0.60596
337	33	-8.2014	-0.71523
337	35	-7.6978	-0.7053
337	37	-5.5324	-0.58609
338	2	-5.2302	-0.69536
338	8	-5.9928	-0.72517
338	28	-9.1151	-0.89404
338	32	-6.3094	-0.60596
338	33	-8.2374	-0.71523
338	35	-7.7194	-0.7053
338	37	-5.5324	-0.55629
339	2	-5.2374	-0.7053
339	8	-6.0072	-0.7351
339	28	-9.1799	-0.92384
339	32	-6.3237	-0.59603
339	33	-8.2806	-0.69536
339	35	-7.7554	-0.71523
339	37	-5.5396	-0.54636
340	2	-5.2302	-0.7053
340	8	-6	-0.7351
340	28	-9.2374	-0.92384
340	32	-6.3237	-0.59603
340	33	-8.3237	-0.7351
340	35	-7.7986	-0.72517
340	37	-5.5468	-0.56623
341	2	-5.2446	-0.7053
341	8	-6.0072	-0.7351
341	28	-9.295	-0.93377
341	32	-6.3237	-0.58609
341	33	-8.3813	-0.72517
341	35	-7.8345	-0.72517
341	37	-5.554	-0.55629
342	2	-5.2446	-0.7053
342	8	-6	-0.7351
342	28	-9.3525	-0.93377
342	32	-6.3381	-0.58609
342	33	-8.4245	-0.72517
342	35	-7.8849	-0.7351
342	37	-5.554	-0.58609
343	2	-5.2374	-0.7053
343	8	-6.0144	-0.74503
343	28	-9.3813	-0.92384
343	32	-6.3309	-0.58609
343	33	-8.4676	-0.7649
343	35	-7.9065	-0.72517
343	37	-5.554	-0.55629
344	2	-5.2374	-0.7053
344	8	-6.0072	-0.74503
344	28	-9.3741	-0.94371
344	32	-6.3453	-0.59603
344	33	-8.5252	-0.7649
344	35	-7.9424	-0.74503
344	37	-5.554	-0.55629
345	2	-5.2374	-0.71523
345	8	-6	-0.74503
345	28	-9.3813	-0.94371
345	32	-6.3381	-0.58609
345	33	-8.5827	-0.75497
345	35	-7.9856	-0.7649
345	37	-5.554	-0.55629
346	2	-5.2374	-0.71523
346	8	-6.0072	-0.74503
346	28	-9.554	-0.93377
346	32	-6.3453	-0.59603
346	33	-8.6259	-0.75497
346	35	-8.0288	-0.80464
346	37	-5.554	-0.56623
347	2	-5.2446	-0.71523
347	8	-6.0144	-0.7351
347	28	-9.6259	-0.94371
347	32	-6.3453	-0.59603
347	33	-8.6978	-0.78477
347	35	-8.0647	-0.80464
347	37	-5.5683	-0.56623
348	2	-5.2374	-0.7053
348	8	-6.0144	-0.75497
348	28	-9.6763	-0.94371
348	32	-6.3597	-0.59603
348	33	-8.741	-0.75497
348	35	-8.1079	-0.81457
348	37	-5.5683	-0.56623
349	2	-5.2518	-0.69536
349	8	-6.0144	-0.7351
349	28	-9.7482	-0.94371
349	32	-6.3669	-0.58609
349	33	-8.8129	-0.7947
349	35	-8.1583	-0.8245
349	37	-5.5612	-0.56623
350	2	-5.2374	-0.7053
350	8	-6.0216	-0.74503
350	28	-9.8129	-0.93377
350	32	-6.3597	-0.59603
350	33	-8.8921	-0.81457
350	35	-8.1871	-0.8245
350	37	-5.5755	-0.55629
351	2	-5.2446	-0.69536
351	8	-6.0288	-0.74503
351	28	-9.8633	-0.93377
351	32	-6.3741	-0.59603
351	33	-8.9496	-0.80464
351	35	-8.2734	-0.8245
351	37	-5.5683	-0.56623
352	2	-5.2446	-0.7053
352	8	-6.0288	-0.74503
352	28	-9.9784	-0.95364
352	32	-6.3669	-0.59603
352	33	-9.0144	-0.7947
352	35	-8.3094	-0.7947
352	37	-5.5755	-0.56623
353	2	-5.2518	-0.69536
353	8	-6.0216	-0.74503
353	28	-9.9784	-0.93377
353	32	-6.3741	-0.58609
353	33	-9.0791	-0.7947
353	35	-8.3525	-0.81457
353	37	-5.5683	-0.56623
354	2	-5.259	-0.71523
354	8	-6.0288	-0.7351
354	28	-10.108	-0.97351
354	32	-6.3741	-0.58609
354	33	-9.1511	-0.78477
354	35	-8.4101	-0.83444
354	37	-5.5827	-0.55629
355	2	-5.2446	-0.7053
355	8	-6.036	-0.74503
355	28	-10.237	-1.0132
355	32	-6.3813	-0.59603
355	33	-9.2302	-0.77483
355	35	-8.4532	-0.8245
355	37	-5.5827	-0.56623
356	2	-5.2518	-0.7053
356	8	-6.036	-0.7351
356	28	-10.331	-0.98344
356	32	-6.3885	-0.58609
356	33	-9.3165	-0.80464
356	35	-8.5108	-0.8245
356	37	-5.5827	-0.56623
357	2	-5.2518	-0.68543
357	8	-6.0504	-0.7649
357	28	-10.424	-0.98344
357	32	-6.3957	-0.59603
357	33	-9.3669	-0.80464
357	35	-8.554	-0.84437
357	37	-5.5755	-0.56623
358	2	-5.2662	-0.71523
358	8	-6.036	-0.7351
358	28	-10.453	-1.0232
358	32	-6.3957	-0.58609
358	33	-9.3813	-0.8543
358	35	-8.6043	-0.8543
358	37	-5.5971	-0.56623
359	2	-5.259	-0.68543
359	8	-6.0288	-0.74503
359	32	-6.4029	-0.58609
359	35	-8.6691	-0.88411
359	37	-5.5899	-0.56623
360	2	-5.2662	-0.7053
360	8	-6.036	-0.74503
360	32	-6.4029	-0.58609
360	35	-8.7266	-0.86424
360	37	-5.5971	-0.56623
361	2	-5.2662	-0.68543
361	8	-6.0432	-0.72517
361	32	-6.4029	-0.59603
361	35	-8.7914	-0.89404
361	37	-5.5899	-0.55629
361	39	-7.6187	-0.58609
361	40	-8.1942	-0.6457
362	2	-5.2734	-0.7053
362	8	-6.0504	-0.7351
362	32	-6.4173	-0.58609
362	35	-8.8489	-0.88411
362	37	-5.5899	-0.55629
362	39	-7.6115	-0.57616
362	40	-8.2446	-0.6457
363	2	-5.2734	-0.68543
363	8	-6.0576	-0.7351
363	32	-6.4388	-0.61589
363	35	-8.9137	-0.92384
363	37	-5.5899	-0.56623
363	39	-7.5971	-0.54636
363	40	-8.3094	-0.6755
364	2	-5.2806	-0.68543
364	8	-6.0504	-0.7351
364	32	-6.4388	-0.60596
364	35	-8.9856	-0.96358
364	37	-5.5899	-0.56623
364	39	-7.5971	-0.52649
364	40	-8.2662	-0.7053
365	2	-5.2734	-0.68543
365	8	-6.0647	-0.72517
365	32	-6.446	-0.61589
365	35	-9.0647	-0.98344
365	37	-5.5971	-0.56623
365	39	-7.6259	-0.54636
365	40	-8.3381	-0.6755
366	2	-5.2806	-0.68543
366	8	-6.0647	-0.7351
366	32	-6.446	-0.61589
366	35	-9.1511	-0.96358
366	37	-5.5899	-0.56623
366	39	-7.6763	-0.57616
366	40	-8.3813	-0.6755
367	2	-5.295	-0.69536
367	8	-6.0647	-0.72517
367	32	-6.4532	-0.62583
367	35	-9.223	-0.96358
367	37	-5.5971	-0.57616
367	39	-7.6978	-0.54636
367	40	-8.3525	-0.6755
368	2	-5.2878	-0.69536
368	8	-6.0791	-0.75497
368	32	-6.4604	-0.57616
368	35	-9.3094	-0.97351
368	37	-5.6043	-0.56623
368	39	-7.705	-0.53642
368	40	-8.3957	-0.66556
369	2	-5.295	-0.6755
369	8	-6.0791	-0.7351
369	32	-6.4676	-0.57616
369	37	-5.6043	-0.55629
369	39	-7.7194	-0.53642
369	40	-8.4029	-0.68543
370	2	-5.2878	-0.6755
370	8	-6.0791	-0.74503
370	32	-6.4748	-0.57616
370	37	-5.5971	-0.54636
370	39	-7.741	-0.53642
370	40	-8.4245	-0.69536
371	2	-5.295	-0.68543
371	8	-6.0863	-0.7351
371	32	-6.4892	-0.6457
371	37	-5.6043	-0.54636
371	39	-7.9137	-0.65563
371	40	-8.4532	-0.68543
372	2	-5.295	-0.6755
372	8	-6.0863	-0.74503
372	32	-6.482	-0.61589
372	37	-5.6043	-0.55629
372	39	-7.8993	-0.68543
372	40	-8.4964	-0.66556
373	2	-5.295	-0.68543
373	8	-6.0863	-0.7351
373	32	-6.4964	-0.60596
373	37	-5.6115	-0.54636
373	39	-7.9424	-0.65563
373	40	-8.5683	-0.6755
374	2	-5.295	-0.6755
374	8	-6.0935	-0.74503
374	32	-6.5036	-0.59603
374	37	-5.6043	-0.54636
374	39	-7.9424	-0.6457
374	40	-8.5612	-0.69536
375	2	-5.295	-0.6755
375	8	-6.0863	-0.7351
375	32	-6.518	-0.60596
375	37	-5.6043	-0.54636
375	39	-7.9784	-0.65563
375	40	-8.6691	-0.6755
376	2	-5.3022	-0.66556
376	8	-6.0935	-0.74503
376	32	-6.518	-0.60596
376	37	-5.5971	-0.55629
376	39	-8	-0.6457
376	40	-8.741	-0.69536
377	2	-5.3094	-0.68543
377	8	-6.0935	-0.74503
377	32	-6.4964	-0.55629
377	37	-5.6043	-0.54636
377	39	-8.0144	-0.63576
377	40	-8.8273	-0.7053
378	2	-5.3094	-0.65563
378	8	-6.0863	-0.7351
378	32	-6.518	-0.62583
378	37	-5.6043	-0.55629
378	39	-8.0576	-0.65563
378	40	-8.8849	-0.74503
379	2	-5.3094	-0.6755
379	8	-6.0863	-0.7351
379	32	-6.5108	-0.59603
379	37	-5.5971	-0.54636
379	39	-8.0791	-0.65563
379	40	-8.8993	-0.72517
380	2	-5.3237	-0.6755
380	8	-6.1007	-0.74503
380	32	-6.518	-0.59603
380	37	-5.6043	-0.54636
380	39	-8.1079	-0.66556
380	40	-8.9496	-0.71523
381	2	-5.3669	-0.65563
381	8	-6.1007	-0.72517
381	32	-6.5108	-0.59603
381	37	-5.6043	-0.61589
381	39	-8.1223	-0.69536
381	40	-8.8993	-0.72517
382	2	-5.3309	-0.65563
382	8	-6.1007	-0.7351
382	32	-6.4964	-0.56623
382	37	-5.5899	-0.61589
382	39	-8.1295	-0.7053
382	40	-9.036	-0.6457
383	2	-5.3237	-0.6755
383	8	-6.0935	-0.7351
383	32	-6.5108	-0.57616
383	37	-5.5827	-0.62583
383	39	-8.1511	-0.71523
383	40	-9.1151	-0.68543
384	2	-5.3309	-0.6755
384	8	-6.0935	-0.7351
384	32	-6.5252	-0.55629
384	37	-5.5827	-0.60596
384	39	-8.1727	-0.7053
384	40	-9.1583	-0.68543
385	2	-5.3381	-0.65563
385	8	-6.1079	-0.7351
385	32	-6.5324	-0.54636
385	37	-5.5899	-0.60596
385	39	-8.1871	-0.68543
385	40	-9.2086	-0.65563
386	2	-5.3381	-0.6457
386	8	-6.1007	-0.7351
386	32	-6.5252	-0.54636
386	37	-5.5899	-0.61589
386	39	-8.2086	-0.69536
386	40	-9.2446	-0.63576
387	2	-5.3381	-0.6457
387	8	-6.1007	-0.72517
387	32	-6.5396	-0.58609
387	37	-5.5827	-0.60596
387	39	-8.2302	-0.69536
387	40	-9.3022	-0.62583
388	2	-5.3453	-0.6457
388	8	-6.0935	-0.71523
388	32	-6.5324	-0.58609
388	37	-5.5827	-0.61589
388	39	-8.2518	-0.7053
388	40	-9.3453	-0.63576
389	2	-5.3453	-0.65563
389	8	-6.0863	-0.72517
389	32	-6.5396	-0.54636
389	37	-5.5827	-0.61589
389	39	-8.3094	-0.71523
389	40	-9.3741	-0.65563
390	2	-5.3453	-0.68543
390	8	-6.0935	-0.71523
390	32	-6.5324	-0.53642
390	37	-5.5827	-0.62583
390	39	-8.3669	-0.74503
390	40	-9.3741	-0.63576
391	2	-5.3597	-0.6755
391	8	-6.0935	-0.72517
391	32	-6.5468	-0.62583
391	37	-5.5827	-0.61589
391	39	-8.4532	-0.66556
391	40	-9.3669	-0.66556
392	2	-5.3741	-0.6755
392	8	-6.0935	-0.7351
392	32	-6.5324	-0.53642
392	37	-5.5755	-0.62583
392	39	-8.4676	-0.68543
392	40	-9.3741	-0.66556
393	2	-5.3813	-0.7053
393	8	-6.1007	-0.7351
393	32	-6.5396	-0.52649
393	37	-5.5683	-0.62583
393	39	-8.5036	-0.68543
393	40	-9.3813	-0.68543
394	2	-5.3669	-0.69536
394	8	-6.1007	-0.72517
394	32	-6.5468	-0.51656
394	37	-5.5612	-0.61589
394	39	-8.5468	-0.68543
394	40	-9.3741	-0.69536
395	2	-5.3741	-0.69536
395	8	-6.0935	-0.72517
395	32	-6.5396	-0.52649
395	37	-5.5683	-0.62583
395	39	-8.5827	-0.69536
395	40	-9.5468	-0.69536
396	2	-5.3741	-0.6755
396	8	-6.0863	-0.71523
396	32	-6.5396	-0.51656
396	37	-5.5683	-0.62583
396	39	-8.6259	-0.69536
396	40	-9.5468	-0.6755
397	2	-5.3813	-0.66556
397	8	-6.0935	-0.72517
397	32	-6.554	-0.50662
397	37	-5.5612	-0.61589
397	39	-8.6403	-0.69536
397	40	-9.5612	-0.66556
398	2	-5.3813	-0.6457
398	8	-6.0863	-0.71523
398	32	-6.554	-0.51656
398	37	-5.5612	-0.62583
398	39	-8.6763	-0.69536
398	40	-9.6619	-0.66556
399	2	-5.3885	-0.6755
399	8	-6.0863	-0.72517
399	32	-6.5612	-0.51656
399	37	-5.5612	-0.62583
399	39	-8.6835	-0.68543
399	40	-9.6906	-0.66556
400	2	-5.3813	-0.6755
400	8	-6.0935	-0.7053
400	32	-6.5683	-0.50662
400	37	-5.5612	-0.60596
400	39	-8.7338	-0.71523
400	40	-9.7554	-0.66556
401	2	-5.3813	-0.65563
401	8	-6.0791	-0.72517
401	32	-6.5827	-0.60596
401	37	-5.554	-0.62583
401	39	-8.7554	-0.71523
401	40	-9.8201	-0.6755
402	2	-5.3813	-0.6457
402	8	-6.0647	-0.72517
402	32	-6.5683	-0.58609
402	37	-5.5468	-0.65563
402	39	-8.7698	-0.72517
402	40	-9.8417	-0.6755
403	2	-5.3741	-0.62583
403	8	-6.0576	-0.72517
403	32	-6.5612	-0.55629
403	37	-5.554	-0.62583
403	39	-8.7842	-0.71523
403	40	-9.8633	-0.65563
404	2	-5.3741	-0.66556
404	8	-6.0504	-0.71523
404	32	-6.5612	-0.56623
404	37	-5.5468	-0.61589
404	39	-8.7986	-0.71523
404	40	-9.9568	-0.6755
405	2	-5.3885	-0.66556
405	8	-6.0432	-0.71523
405	32	-6.554	-0.57616
405	37	-5.5396	-0.66556
405	39	-8.8058	-0.72517
405	40	-9.964	-0.6755
406	2	-5.3885	-0.6755
406	8	-6.0504	-0.71523
406	32	-6.5827	-0.56623
406	37	-5.5468	-0.6457
406	39	-8.8561	-0.71523
406	40	-10.043	-0.6755
407	2	-5.3885	-0.6457
407	8	-6.036	-0.71523
407	32	-6.5971	-0.57616
407	37	-5.5396	-0.6457
407	39	-8.9281	-0.7351
407	40	-10.022	-0.63576
408	2	-5.3813	-0.6457
408	8	-6.036	-0.71523
408	32	-6.5971	-0.57616
408	37	-5.5468	-0.62583
408	39	-8.9784	-0.75497
408	40	-10	-0.59603
409	2	-5.3885	-0.65563
409	8	-6.036	-0.71523
409	32	-6.5827	-0.52649
409	37	-5.5396	-0.63576
409	39	-9.0576	-0.7649
410	2	-5.3885	-0.6457
410	8	-6.036	-0.72517
410	32	-6.5755	-0.49669
410	37	-5.5324	-0.6457
410	39	-9.0863	-0.7649
411	2	-5.3885	-0.6457
411	8	-6.0791	-0.71523
411	32	-6.5827	-0.65563
411	37	-5.5252	-0.65563
411	38	-9.1583	-0.68543
412	2	-5.3885	-0.6457
412	8	-6.0647	-0.7053
412	32	-6.5612	-0.65563
412	37	-5.5324	-0.65563
412	38	-9.1799	-0.7053
413	2	-5.3957	-0.6457
413	8	-6.0647	-0.7053
413	32	-6.554	-0.6457
413	37	-5.5252	-0.65563
413	38	-9.2014	-0.71523
414	2	-5.3885	-0.62583
414	8	-6.0647	-0.7053
414	32	-6.5612	-0.63576
414	37	-5.5252	-0.66556
414	38	-9.1799	-0.7351
415	2	-5.3957	-0.63576
415	8	-6.0504	-0.7053
415	32	-6.5755	-0.6457
415	37	-5.518	-0.6457
415	38	-9.2446	-0.74503
416	2	-5.3957	-0.63576
416	8	-6.0432	-0.71523
416	32	-6.5755	-0.6457
416	37	-5.5252	-0.66556
416	38	-9.2734	-0.74503
417	2	-5.4029	-0.65563
417	8	-6.0432	-0.71523
417	32	-6.5827	-0.6457
417	37	-5.518	-0.6457
417	38	-9.3094	-0.74503
418	2	-5.4101	-0.65563
418	8	-6.0432	-0.71523
418	32	-6.5755	-0.63576
418	37	-5.5108	-0.68543
418	38	-9.5108	-0.69536
419	2	-5.4101	-0.63576
419	8	-6.036	-0.69536
419	32	-6.5683	-0.61589
420	2	-5.4029	-0.65563
420	8	-6.036	-0.7053
420	32	-6.5755	-0.61589
421	2	-5.4101	-0.6457
421	8	-6.0504	-0.7053
421	32	-6.6187	-0.57616
421	39	-9.6978	-0.71523
422	2	-5.4173	-0.66556
422	8	-6.036	-0.72517
422	32	-6.5971	-0.56623
422	39	-9.7482	-0.71523
423	2	-5.4101	-0.6457
423	8	-6.0504	-0.71523
423	32	-6.6043	-0.55629
423	39	-9.8058	-0.71523
424	2	-5.4101	-0.63576
424	8	-6.0432	-0.72517
424	32	-6.6043	-0.53642
424	39	-9.8633	-0.7053
425	2	-5.4029	-0.6457
425	8	-6.036	-0.7053
425	32	-6.6187	-0.54636
425	39	-9.8489	-0.65563
426	2	-5.4029	-0.6457
426	8	-6.0216	-0.7351
426	32	-6.6115	-0.54636
426	39	-9.8777	-0.65563
427	2	-5.4029	-0.63576
427	8	-6.0216	-0.7053
427	32	-6.6187	-0.52649
427	39	-9.9496	-0.63576
428	2	-5.4101	-0.6755
428	8	-6.0216	-0.71523
428	32	-6.6187	-0.53642
428	39	-10.043	-0.65563
429	2	-5.4101	-0.66556
429	8	-6.0072	-0.69536
429	32	-6.6043	-0.50662
429	39	-10.129	-0.6755
430	2	-5.4101	-0.6755
430	8	-6.0072	-0.7053
430	32	-6.6115	-0.49669
430	39	-10.259	-0.7053
431	2	-5.4173	-0.65563
431	8	-6.0072	-0.71523
431	32	-6.6403	-0.58609
431	39	-10.266	-0.71523
432	2	-5.4101	-0.6457
432	8	-6	-0.71523
432	32	-6.6331	-0.55629
432	39	-10.18	-0.75497
433	2	-5.4101	-0.6457
433	8	-6	-0.69536
433	32	-6.6259	-0.55629
433	39	-10.288	-0.75497
434	2	-5.4101	-0.6457
434	8	-5.9928	-0.69536
434	32	-6.6259	-0.54636
434	39	-10.324	-0.77483
435	2	-5.4029	-0.63576
435	8	-6	-0.69536
435	32	-6.6331	-0.55629
435	39	-10.353	-0.77483
436	2	-5.4029	-0.6457
436	8	-5.9928	-0.7053
436	32	-6.6403	-0.55629
436	39	-10.367	-0.8245
437	2	-5.4029	-0.6457
437	8	-5.9784	-0.69536
437	32	-6.6331	-0.55629
437	39	-10.41	-0.83444
438	2	-5.4029	-0.65563
438	8	-5.9856	-0.71523
438	32	-6.6403	-0.54636
438	39	-10.446	-0.8245
439	2	-5.4029	-0.6457
439	8	-5.964	-0.69536
439	32	-6.6403	-0.54636
439	39	-10.245	-0.80464
440	2	-5.4029	-0.6457
440	8	-5.964	-0.69536
440	32	-6.6331	-0.55629
440	39	-10.137	-0.92384
441	2	-5.4101	-0.6457
441	8	-5.9568	-0.7351
441	32	-6.6187	-0.54636
441	39	-10.223	-0.80464
442	2	-5.4245	-0.66556
442	8	-5.9568	-0.72517
442	32	-6.6259	-0.53642
442	39	-10.259	-0.7947
443	2	-5.4173	-0.6457
443	8	-5.9496	-0.72517
443	32	-6.6331	-0.53642
443	39	-10.302	-0.78477
444	2	-5.4029	-0.65563
444	8	-5.9424	-0.7351
444	32	-6.6259	-0.52649
445	2	-5.4101	-0.65563
445	8	-5.9424	-0.7351
445	32	-6.6187	-0.53642
446	2	-5.4029	-0.6457
446	8	-5.9424	-0.7351
446	32	-6.6115	-0.59603
447	2	-5.4029	-0.66556
447	8	-5.9353	-0.72517
447	32	-6.6331	-0.55629
448	2	-5.4029	-0.6457
448	8	-5.9353	-0.72517
448	32	-6.6475	-0.55629
449	2	-5.3885	-0.63576
449	8	-5.9353	-0.72517
449	32	-6.6403	-0.56623
450	2	-5.3885	-0.63576
450	8	-5.9209	-0.72517
450	32	-6.6403	-0.58609
451	2	-5.3741	-0.63576
451	8	-5.9496	-0.72517
451	32	-6.6691	-0.58609
452	2	-5.3597	-0.63576
452	8	-5.9281	-0.7053
452	32	-6.6331	-0.57616
453	2	-5.3453	-0.63576
453	8	-5.9065	-0.71523
453	32	-6.6403	-0.55629
454	2	-5.3381	-0.60596
454	8	-5.9137	-0.72517
454	32	-6.6475	-0.54636
455	2	-5.3309	-0.61589
455	8	-5.9209	-0.71523
455	32	-6.6547	-0.54636
456	2	-5.3525	-0.65563
456	8	-5.9209	-0.7053
456	32	-6.6475	-0.54636
457	2	-5.3381	-0.6457
457	8	-5.9137	-0.71523
457	32	-6.6547	-0.57616
458	2	-5.3381	-0.6457
458	8	-5.9137	-0.71523
458	32	-6.6403	-0.57616
459	2	-5.3453	-0.65563
459	8	-5.9065	-0.72517
459	32	-6.6403	-0.55629
460	2	-5.3453	-0.6755
460	8	-5.8993	-0.71523
460	32	-6.6475	-0.54636
461	2	-5.3381	-0.65563
461	8	-5.9424	-0.71523
461	32	-6.6763	-0.62583
461	43	-6.964	-0.6457
462	2	-5.3309	-0.63576
462	8	-5.9209	-0.6457
462	32	-6.6403	-0.60596
462	43	-6.9281	-0.6457
463	2	-5.3094	-0.61589
463	8	-5.9281	-0.62583
463	32	-6.6619	-0.61589
463	43	-6.9281	-0.62583
464	2	-5.3165	-0.61589
464	8	-5.9137	-0.68543
464	32	-6.6835	-0.66556
464	43	-6.9353	-0.6457
465	2	-5.3022	-0.61589
465	8	-5.9568	-0.52649
465	32	-6.705	-0.6755
465	43	-6.9496	-0.61589
466	2	-5.3165	-0.63576
466	8	-5.964	-0.65563
466	32	-6.6978	-0.61589
466	43	-6.9496	-0.62583
467	2	-5.3165	-0.6457
467	8	-5.9712	-0.6457
467	32	-6.6906	-0.58609
467	43	-6.9424	-0.60596
468	2	-5.3165	-0.66556
468	8	-5.964	-0.62583
468	32	-6.705	-0.58609
468	43	-6.9424	-0.61589
469	2	-5.3094	-0.6457
469	8	-5.9568	-0.58609
469	32	-6.705	-0.59603
469	43	-6.964	-0.61589
470	2	-5.3309	-0.6457
470	8	-5.9568	-0.57616
470	32	-6.6978	-0.61589
470	43	-6.964	-0.61589
471	2	-5.3237	-0.6457
471	8	-5.8993	-0.72517
471	32	-6.6619	-0.61589
471	43	-7.0935	-0.61589
472	2	-5.3165	-0.66556
472	8	-5.8849	-0.72517
472	32	-6.6619	-0.61589
472	43	-7.0791	-0.57616
473	2	-5.3165	-0.6457
473	8	-5.8849	-0.7351
473	32	-6.6619	-0.61589
473	43	-7.0935	-0.57616
474	2	-5.3094	-0.6457
474	8	-5.8777	-0.72517
474	32	-6.6619	-0.62583
474	43	-7.0935	-0.56623
475	2	-5.3022	-0.6457
475	8	-5.8849	-0.72517
475	32	-6.6763	-0.62583
475	43	-7.1007	-0.56623
476	2	-5.3022	-0.6457
476	8	-5.8921	-0.7351
476	32	-6.6691	-0.62583
476	43	-7.1007	-0.57616
477	2	-5.3022	-0.6457
477	8	-5.8849	-0.71523
477	32	-6.6691	-0.61589
477	43	-7.1007	-0.57616
478	2	-5.3022	-0.65563
478	8	-5.8561	-0.74503
478	32	-6.6691	-0.60596
478	43	-7.1007	-0.60596
479	2	-5.3094	-0.6457
479	8	-5.8489	-0.7351
479	32	-6.6691	-0.58609
480	2	-5.295	-0.6457
480	8	-5.8489	-0.7351
480	32	-6.6763	-0.57616
481	2	-5.295	-0.6457
481	8	-5.8633	-0.7351
481	32	-6.6691	-0.60596
482	2	-5.295	-0.6457
482	8	-5.8633	-0.7351
482	32	-6.6763	-0.60596
483	2	-5.295	-0.65563
483	8	-5.8633	-0.74503
483	32	-6.6763	-0.61589
484	2	-5.295	-0.65563
484	8	-5.8633	-0.74503
484	32	-6.6763	-0.61589
485	2	-5.2878	-0.65563
485	8	-5.8633	-0.74503
485	32	-6.6835	-0.61589
486	2	-5.2878	-0.65563
486	8	-5.8633	-0.74503
486	32	-6.6835	-0.61589
487	2	-5.2878	-0.66556
487	8	-5.8633	-0.75497
487	32	-6.6906	-0.62583
488	2	-5.2878	-0.66556
488	8	-5.8633	-0.75497
488	32	-6.6906	-0.62583
489	2	-5.2878	-0.66556
489	8	-5.8633	-0.75497
489	32	-6.6978	-0.62583
490	2	-5.2878	-0.65563
490	8	-5.8633	-0.75497
490	32	-6.6978	-0.62583
491	2	-5.2878	-0.65563
491	8	-5.8633	-0.75497
491	32	-6.705	-0.62583
492	2	-5.2878	-0.65563
492	8	-5.8633	-0.75497
492	32	-6.7122	-0.62583
493	2	-5.295	-0.65563
493	8	-5.8705	-0.75497
493	32	-6.7194	-0.62583
494	2	-5.295	-0.65563
494	8	-5.8705	-0.75497
494	32	-6.7194	-0.62583
495	2	-5.295	-0.65563
495	8	-5.8705	-0.75497
495	32	-6.7266	-0.62583
496	2	-5.295	-0.65563
496	8	-5.8705	-0.75497
496	32	-6.7338	-0.62583
497	2	-5.295	-0.65563
497	8	-5.8705	-0.75497
497	32	-6.741	-0.62583
498	2	-5.295	-0.65563
498	8	-5.8777	-0.75497
498	32	-6.7482	-0.62583
499	2	-5.295	-0.6457
499	8	-5.8777	-0.75497
499	32	-6.7554	-0.62583
500	2	-5.295	-0.6457
500	8	-5.8777	-0.75497
500	32	-6.7626	-0.62583
501	2	-5.3022	-0.6457
501	8	-5.8777	-0.75497
501	32	-6.7626	-0.62583
502	2	-5.3022	-0.6457
502	8	-5.8849	-0.75497
502	32	-6.7698	-0.62583
503	2	-5.3022	-0.65563
503	8	-5.8849	-0.75497
503	32	-6.777	-0.62583
504	2	-5.3022	-0.63576
504	8	-5.8849	-0.75497
504	32	-6.7842	-0.62583
505	2	-5.3094	-0.63576
505	8	-5.8921	-0.75497
505	32	-6.7914	-0.62583
506	2	-5.3094	-0.65563
506	8	-5.8921	-0.75497
506	32	-6.7986	-0.63576
507	2	-5.3094	-0.6457
507	8	-5.8921	-0.75497
507	32	-6.8058	-0.63576
508	2	-5.3165	-0.66556
508	8	-5.8993	-0.75497
508	32	-6.8129	-0.63576
509	2	-5.3094	-0.65563
509	8	-5.8993	-0.75497
509	32	-6.8201	-0.63576
510	2	-5.3165	-0.6457
510	8	-5.9065	-0.75497
510	32	-6.8345	-0.63576
511	2	-5.3165	-0.6457
511	8	-5.9065	-0.75497
511	32	-6.8417	-0.63576
511	44	-8.1367	-0.77483
511	45	-6.223	-0.57616
511	46	-7.1727	-0.56623
512	2	-5.3237	-0.6457
512	8	-5.9137	-0.7649
512	32	-6.8489	-0.63576
512	44	-8.2662	-0.80464
512	45	-6.2302	-0.56623
512	46	-7.1799	-0.56623
513	2	-5.3237	-0.65563
513	8	-5.9137	-0.7649
513	32	-6.8561	-0.63576
513	44	-8.3165	-0.81457
513	45	-6.2374	-0.57616
513	46	-7.1942	-0.56623
514	2	-5.3309	-0.6457
514	8	-5.9209	-0.7649
514	32	-6.8633	-0.63576
514	44	-8.3597	-0.8245
514	45	-6.2446	-0.57616
514	46	-7.2014	-0.57616
515	2	-5.3381	-0.6457
515	8	-5.9281	-0.7649
515	32	-6.8705	-0.6457
515	44	-8.4173	-0.83444
515	45	-6.2374	-0.56623
515	46	-7.2158	-0.56623
516	2	-5.3381	-0.6457
516	8	-5.9281	-0.7649
516	32	-6.8777	-0.6457
516	44	-8.482	-0.84437
516	45	-6.259	-0.58609
516	46	-7.2302	-0.56623
517	2	-5.3381	-0.6457
517	8	-5.9353	-0.7649
517	32	-6.8921	-0.6457
517	44	-8.5468	-0.86424
517	45	-6.259	-0.57616
517	46	-7.2374	-0.56623
518	2	-5.3453	-0.65563
518	8	-5.9353	-0.7649
518	32	-6.8993	-0.6457
518	44	-8.6043	-0.86424
518	45	-6.2734	-0.57616
518	46	-7.2518	-0.57616
519	2	-5.3453	-0.6457
519	8	-5.9424	-0.7649
519	32	-6.9065	-0.6457
519	44	-8.6691	-0.87417
519	45	-6.259	-0.56623
519	46	-7.2662	-0.57616
520	2	-5.3525	-0.65563
520	8	-5.9424	-0.7649
520	32	-6.9209	-0.6457
520	44	-8.741	-0.88411
520	45	-6.2662	-0.56623
520	46	-7.2806	-0.57616
521	2	-5.3525	-0.65563
521	8	-5.9496	-0.7649
521	32	-6.9065	-0.6457
521	44	-8.8705	-0.88411
521	45	-6.295	-0.57616
521	46	-7.295	-0.60596
522	2	-5.3525	-0.65563
522	8	-5.9496	-0.77483
522	32	-6.9137	-0.6457
522	44	-8.9424	-0.89404
522	45	-6.3022	-0.58609
522	46	-7.3094	-0.60596
523	2	-5.3597	-0.65563
523	8	-5.9568	-0.77483
523	32	-6.9281	-0.65563
523	44	-9.0288	-0.90397
523	45	-6.3022	-0.58609
523	46	-7.3237	-0.61589
524	2	-5.3597	-0.65563
524	8	-5.964	-0.77483
524	32	-6.9353	-0.65563
524	44	-9.1151	-0.91391
524	45	-6.2878	-0.57616
524	46	-7.3381	-0.61589
525	2	-5.3669	-0.65563
525	8	-5.9712	-0.77483
525	32	-6.9424	-0.65563
525	44	-9.2014	-0.92384
525	45	-6.295	-0.57616
525	46	-7.3453	-0.61589
526	2	-5.3741	-0.66556
526	8	-5.9712	-0.77483
526	32	-6.9568	-0.65563
526	44	-9.295	-0.94371
526	45	-6.3237	-0.59603
526	46	-7.3597	-0.61589
527	2	-5.3741	-0.65563
527	8	-5.9784	-0.77483
527	32	-6.964	-0.65563
527	44	-9.3957	-0.97351
527	45	-6.3309	-0.59603
527	46	-7.3741	-0.62583
528	2	-5.3813	-0.66556
528	8	-5.9856	-0.78477
528	32	-6.9784	-0.65563
528	44	-9.4964	-0.99338
528	45	-6.3094	-0.57616
528	46	-7.3885	-0.62583
529	2	-5.3813	-0.66556
529	8	-5.9928	-0.78477
529	32	-6.9856	-0.66556
529	45	-6.3165	-0.57616
529	46	-7.4029	-0.62583
530	2	-5.3885	-0.66556
530	8	-5.9928	-0.78477
530	32	-7	-0.66556
530	45	-6.3237	-0.57616
530	46	-7.4173	-0.63576
531	2	-5.3885	-0.66556
531	8	-5.9928	-0.78477
531	32	-7.0072	-0.66556
531	45	-6.3309	-0.60596
531	46	-7.4388	-0.63576
532	2	-5.3957	-0.66556
532	8	-6	-0.78477
532	32	-7.0144	-0.66556
532	45	-6.3381	-0.60596
532	46	-7.4532	-0.63576
533	2	-5.4029	-0.66556
533	8	-6.0072	-0.7947
533	32	-7.0288	-0.6755
533	45	-6.3381	-0.61589
533	46	-7.4676	-0.6457
534	2	-5.4029	-0.66556
534	8	-6.0072	-0.7947
534	32	-7.036	-0.6755
534	45	-6.3453	-0.61589
534	46	-7.482	-0.6457
535	2	-5.4029	-0.66556
535	8	-6.0144	-0.7947
535	32	-7.0504	-0.6755
535	45	-6.3525	-0.61589
535	46	-7.4964	-0.65563
536	2	-5.4101	-0.6755
536	8	-6.0144	-0.80464
536	32	-7.0576	-0.68543
536	45	-6.3525	-0.61589
536	46	-7.5108	-0.65563
537	2	-5.4101	-0.6755
537	8	-6.0216	-0.80464
537	32	-7.0719	-0.68543
537	45	-6.3597	-0.61589
537	46	-7.5324	-0.66556
538	2	-5.4173	-0.6755
538	8	-6.0216	-0.80464
538	32	-7.0791	-0.68543
538	45	-6.3669	-0.61589
538	46	-7.5468	-0.66556
539	2	-5.4173	-0.6755
539	8	-6.0288	-0.81457
539	32	-7.0935	-0.68543
539	45	-6.3669	-0.62583
539	46	-7.5612	-0.66556
540	2	-5.4173	-0.68543
540	8	-6.036	-0.81457
540	32	-7.1007	-0.69536
540	45	-6.3741	-0.62583
540	46	-7.5755	-0.66556
541	2	-5.3597	-0.68543
541	8	-6.036	-0.81457
541	32	-7.1151	-0.69536
541	45	-6.3813	-0.62583
541	46	-7.5899	-0.6755
542	2	-5.3597	-0.68543
542	8	-6.036	-0.81457
542	32	-7.1223	-0.69536
542	45	-6.3813	-0.62583
542	46	-7.6043	-0.6755
543	2	-5.3669	-0.68543
543	8	-6.0432	-0.81457
543	32	-7.1367	-0.69536
543	45	-6.3885	-0.62583
543	46	-7.6259	-0.6755
544	2	-5.3669	-0.68543
544	8	-6.0504	-0.81457
544	32	-7.1439	-0.69536
544	45	-6.3885	-0.62583
544	46	-7.6403	-0.6755
545	2	-5.3741	-0.68543
545	8	-6.0504	-0.81457
545	32	-7.1583	-0.69536
545	45	-6.3957	-0.62583
545	46	-7.6547	-0.6755
546	2	-5.3741	-0.69536
546	8	-6.0504	-0.81457
546	32	-7.1655	-0.7053
546	45	-6.3957	-0.62583
546	46	-7.6763	-0.68543
547	2	-5.3741	-0.69536
547	8	-6.0576	-0.81457
547	32	-7.1799	-0.7053
547	45	-6.4029	-0.63576
547	46	-7.6906	-0.68543
548	2	-5.3741	-0.69536
548	8	-6.0576	-0.81457
548	32	-7.1871	-0.7053
548	45	-6.4029	-0.63576
548	46	-7.7122	-0.69536
549	2	-5.3813	-0.69536
549	8	-6.0647	-0.81457
549	32	-7.2014	-0.7053
549	45	-6.4101	-0.63576
549	46	-7.7338	-0.69536
550	2	-5.3813	-0.69536
550	8	-6.0647	-0.8245
550	32	-7.2086	-0.71523
550	45	-6.4101	-0.63576
550	46	-7.7482	-0.7053
551	2	-5.3813	-0.7053
551	8	-6.0647	-0.8245
551	32	-7.2158	-0.71523
551	45	-6.4101	-0.63576
551	46	-7.7626	-0.7053
552	2	-5.3813	-0.7053
552	8	-6.0719	-0.8245
552	32	-7.2302	-0.72517
552	45	-6.4101	-0.63576
552	46	-7.777	-0.7053
553	2	-5.3813	-0.7053
553	8	-6.0719	-0.83444
553	32	-7.2374	-0.72517
553	45	-6.4173	-0.63576
553	46	-7.7986	-0.71523
554	2	-5.3813	-0.7053
554	8	-6.0719	-0.83444
554	32	-7.2446	-0.72517
554	45	-6.4173	-0.6457
554	46	-7.8129	-0.71523
555	2	-5.3885	-0.71523
555	8	-6.0791	-0.83444
555	32	-7.259	-0.7351
555	45	-6.4173	-0.6457
555	46	-7.8417	-0.72517
556	2	-5.3885	-0.71523
556	8	-6.0791	-0.83444
556	32	-7.2662	-0.7351
556	45	-6.4245	-0.6457
556	46	-7.8489	-0.72517
557	2	-5.3885	-0.71523
557	8	-6.0863	-0.83444
557	32	-7.2806	-0.7351
557	45	-6.4245	-0.6457
557	46	-7.8705	-0.72517
558	2	-5.3885	-0.71523
558	8	-6.0863	-0.83444
558	32	-7.2878	-0.7351
558	45	-6.4245	-0.6457
558	46	-7.8849	-0.72517
559	2	-5.3885	-0.71523
559	8	-6.0935	-0.83444
559	32	-7.295	-0.7351
559	45	-6.4245	-0.6457
560	2	-5.3885	-0.71523
560	8	-6.0935	-0.83444
560	32	-7.3022	-0.7351
560	45	-6.4245	-0.6457
561	2	-5.3885	-0.71523
561	8	-6.1007	-0.83444
561	32	-7.3165	-0.7351
561	45	-6.4317	-0.6457
562	2	-5.3885	-0.71523
562	8	-6.1007	-0.83444
562	32	-7.3309	-0.74503
562	45	-6.4317	-0.6457
563	2	-5.3885	-0.71523
563	8	-6.1079	-0.83444
563	32	-7.3381	-0.74503
563	45	-6.4317	-0.6457
564	2	-5.3885	-0.71523
564	8	-6.1079	-0.83444
564	32	-7.3525	-0.74503
564	45	-6.4317	-0.6457
565	2	-5.3885	-0.71523
565	8	-6.1151	-0.84437
565	32	-7.3597	-0.74503
565	45	-6.4388	-0.65563
566	2	-5.3885	-0.72517
566	8	-6.1151	-0.84437
566	32	-7.3741	-0.75497
566	45	-6.4388	-0.65563
567	2	-5.3885	-0.72517
567	8	-6.1223	-0.84437
567	32	-7.3813	-0.75497
567	45	-6.4388	-0.65563
568	2	-5.3885	-0.7351
568	8	-6.1223	-0.8543
568	32	-7.3885	-0.75497
568	45	-6.4317	-0.65563
569	2	-5.3885	-0.7351
569	8	-6.1223	-0.8543
569	32	-7.3957	-0.7649
569	45	-6.4388	-0.66556
570	2	-5.3885	-0.7351
570	8	-6.1223	-0.8543
570	32	-7.4029	-0.7649
570	45	-6.4388	-0.66556
571	2	-5.3885	-0.74503
571	8	-6.1295	-0.8543
571	32	-7.4101	-0.77483
571	45	-6.4388	-0.6755
572	2	-5.3885	-0.74503
572	8	-6.1295	-0.8543
572	32	-7.4173	-0.77483
572	45	-6.4245	-0.66556
573	2	-5.3885	-0.74503
573	8	-6.1295	-0.8543
573	32	-7.4317	-0.77483
573	45	-6.4388	-0.6755
574	2	-5.3813	-0.74503
574	8	-6.1367	-0.8543
574	32	-7.4388	-0.77483
574	45	-6.4388	-0.68543
575	2	-5.3813	-0.74503
575	8	-6.1367	-0.86424
575	32	-7.446	-0.78477
575	45	-6.4388	-0.68543
576	2	-5.3813	-0.74503
576	8	-6.1439	-0.86424
576	32	-7.4532	-0.78477
576	45	-6.4388	-0.69536
577	2	-5.3813	-0.74503
577	8	-6.1439	-0.86424
577	32	-7.4604	-0.78477
577	45	-6.4388	-0.69536
578	2	-5.3813	-0.75497
578	8	-6.1439	-0.87417
578	32	-7.4748	-0.7947
578	45	-6.4388	-0.69536
579	2	-5.3813	-0.7351
579	8	-6.1511	-0.87417
579	32	-7.482	-0.7947
579	45	-6.4388	-0.69536
580	2	-5.3813	-0.75497
580	8	-6.1511	-0.87417
580	32	-7.4892	-0.7947
580	45	-6.446	-0.7053
581	2	-5.4388	-0.81457
581	8	-6.1511	-0.87417
581	32	-7.4964	-0.80464
581	45	-6.3813	-0.71523
582	2	-5.4388	-0.8245
582	8	-6.1583	-0.88411
582	32	-7.5036	-0.80464
582	45	-6.3813	-0.71523
583	2	-5.4388	-0.8245
583	8	-6.1583	-0.88411
583	32	-7.5108	-0.81457
583	45	-6.3813	-0.71523
584	2	-5.4388	-0.8245
584	8	-6.1583	-0.89404
584	32	-7.518	-0.81457
584	45	-6.3813	-0.72517
585	2	-5.4317	-0.8245
585	8	-6.1655	-0.89404
585	32	-7.5252	-0.8245
585	45	-6.3741	-0.72517
586	2	-5.4317	-0.83444
586	8	-6.1655	-0.90397
586	32	-7.5324	-0.8245
586	45	-6.3813	-0.72517
587	2	-5.4317	-0.83444
587	8	-6.1655	-0.90397
587	32	-7.5396	-0.83444
587	45	-6.3669	-0.72517
588	2	-5.4317	-0.84437
588	8	-6.1655	-0.91391
588	32	-7.5468	-0.83444
588	45	-6.3669	-0.7351
589	2	-5.4245	-0.84437
589	8	-6.1727	-0.91391
589	32	-7.5468	-0.84437
589	45	-6.3669	-0.7351
590	2	-5.4245	-0.84437
590	8	-6.1727	-0.91391
590	32	-7.554	-0.84437
590	45	-6.3669	-0.7351
591	2	-5.4245	-0.84437
591	8	-6.1727	-0.92384
591	32	-7.5612	-0.84437
591	45	-6.3741	-0.75497
591	47	-8.6547	-0.72517
592	2	-5.4245	-0.8543
592	8	-6.1799	-0.92384
592	32	-7.5683	-0.84437
592	45	-6.3741	-0.74503
592	47	-8.6835	-0.72517
593	2	-5.4245	-0.8543
593	8	-6.1799	-0.92384
593	32	-7.5755	-0.84437
593	45	-6.3813	-0.77483
593	47	-8.7122	-0.72517
594	2	-5.4173	-0.8543
594	8	-6.1799	-0.92384
594	32	-7.5827	-0.84437
594	45	-6.3813	-0.77483
594	47	-8.741	-0.72517
595	2	-5.4173	-0.8543
595	8	-6.1799	-0.92384
595	32	-7.5899	-0.8543
595	45	-6.3813	-0.77483
595	47	-8.7698	-0.72517
596	2	-5.4173	-0.8543
596	8	-6.1871	-0.93377
596	32	-7.5899	-0.8543
596	45	-6.3813	-0.77483
596	47	-8.7986	-0.72517
597	2	-5.4101	-0.8543
597	8	-6.1871	-0.93377
597	32	-7.5971	-0.8543
597	45	-6.3813	-0.77483
597	47	-8.8345	-0.72517
598	2	-5.4101	-0.8543
598	8	-6.1871	-0.93377
598	32	-7.6043	-0.8543
598	45	-6.3741	-0.77483
598	47	-8.8705	-0.7351
599	2	-5.4029	-0.8543
599	8	-6.1942	-0.94371
599	32	-7.6115	-0.86424
599	45	-6.3741	-0.77483
599	47	-8.9209	-0.74503
600	2	-5.4029	-0.86424
600	8	-6.1942	-0.94371
600	32	-7.6187	-0.86424
600	45	-6.3741	-0.78477
600	47	-8.9353	-0.7351
601	2	-5.3957	-0.86424
601	8	-6.1942	-0.95364
601	32	-7.6187	-0.87417
601	45	-6.3741	-0.78477
601	47	-8.9928	-0.75497
601	49	-8.8201	-0.59603
602	2	-5.3957	-0.87417
602	8	-6.1942	-0.96358
602	32	-7.6259	-0.87417
602	45	-6.3741	-0.7947
602	47	-9.0288	-0.7649
602	49	-8.8561	-0.59603
603	2	-5.3957	-0.87417
603	8	-6.1942	-0.97351
603	32	-7.6259	-0.88411
603	45	-6.3669	-0.7947
603	47	-9.0647	-0.77483
603	49	-8.8921	-0.60596
604	2	-5.3957	-0.87417
604	8	-6.2014	-0.97351
604	32	-7.6331	-0.88411
604	45	-6.3669	-0.7947
604	47	-9.0935	-0.7649
604	49	-8.9281	-0.60596
605	2	-5.3885	-0.87417
605	8	-6.2014	-0.98344
605	32	-7.6403	-0.89404
605	45	-6.3669	-0.7947
605	47	-9.1439	-0.77483
605	49	-8.964	-0.60596
606	2	-5.3813	-0.87417
606	8	-6.2014	-0.98344
606	32	-7.6403	-0.89404
606	45	-6.3669	-0.80464
606	47	-9.1799	-0.78477
606	49	-9	-0.59603
607	2	-5.3813	-0.88411
607	8	-6.2014	-0.99338
607	32	-7.6475	-0.89404
607	45	-6.3669	-0.80464
607	47	-9.2086	-0.7649
607	49	-9.036	-0.60596
608	2	-5.3741	-0.88411
608	8	-6.2014	-0.99338
608	32	-7.6475	-0.90397
608	45	-6.3669	-0.81457
608	47	-9.259	-0.7947
608	49	-9.0791	-0.62583
609	2	-5.3741	-0.89404
609	8	-6.2086	-0.99338
609	32	-7.6547	-0.91391
609	45	-6.3669	-0.81457
609	47	-9.3094	-0.80464
609	49	-9.1223	-0.62583
610	2	-5.3669	-0.89404
610	8	-6.2014	-0.99338
610	32	-7.6547	-0.91391
610	45	-6.3669	-0.8245
610	47	-9.3525	-0.81457
610	49	-9.1583	-0.63576
611	2	-5.3669	-0.90397
611	8	-6.2014	-1.0033
611	32	-7.6547	-0.91391
611	45	-6.3309	-0.8245
611	47	-9.3885	-0.8245
611	49	-9.2014	-0.63576
612	2	-5.3669	-0.90397
612	8	-6.2014	-1.0033
612	32	-7.6547	-0.91391
612	45	-6.3309	-0.8245
612	47	-9.4173	-0.83444
612	49	-9.2446	-0.63576
613	2	-5.3597	-0.90397
613	8	-6.2014	-1.0033
613	32	-7.6619	-0.91391
613	45	-6.3309	-0.8245
613	47	-9.4604	-0.83444
613	49	-9.2878	-0.63576
614	2	-5.3597	-0.91391
614	8	-6.2014	-1.0132
614	32	-7.6691	-0.92384
614	45	-6.3309	-0.8245
614	47	-9.518	-0.84437
614	49	-9.3309	-0.63576
615	2	-5.3525	-0.91391
615	8	-6.2086	-1.0132
615	32	-7.6691	-0.92384
615	45	-6.3309	-0.8245
615	47	-9.5683	-0.84437
615	49	-9.3813	-0.6457
616	2	-5.3525	-0.91391
616	8	-6.2086	-1.0132
616	32	-7.6763	-0.93377
616	45	-6.3309	-0.83444
616	47	-9.6187	-0.8543
616	49	-9.4317	-0.6457
617	2	-5.3453	-0.91391
617	8	-6.2086	-1.0232
617	32	-7.6763	-0.93377
617	45	-6.3381	-0.83444
617	47	-9.6978	-0.86424
617	49	-9.4748	-0.65563
618	2	-5.3453	-0.92384
618	8	-6.2086	-1.0331
618	32	-7.6763	-0.94371
618	47	-9.7122	-0.87417
618	49	-9.5252	-0.65563
619	2	-5.3381	-0.92384
619	8	-6.2086	-1.0331
619	32	-7.6835	-0.94371
619	47	-9.7698	-0.88411
619	49	-9.5755	-0.66556
620	2	-5.3669	-0.93377
620	8	-6.259	-1.0331
620	32	-7.6835	-0.95364
620	47	-9.8201	-0.89404
620	49	-9.6331	-0.66556
621	2	-5.3669	-0.93377
621	8	-6.259	-1.0331
621	32	-7.6835	-0.96358
621	47	-9.4317	-0.90397
621	49	-9.4317	-0.66556
622	2	-5.3669	-0.93377
622	8	-6.259	-1.043
622	32	-7.6835	-0.96358
622	47	-9.4317	-0.91391
622	49	-9.4388	-0.6755
623	2	-5.3597	-0.94371
623	8	-6.259	-1.043
623	32	-7.6906	-0.97351
623	47	-9.4676	-0.92384
623	49	-9.4892	-0.69536
624	2	-5.3597	-0.94371
624	8	-6.259	-1.043
624	32	-7.6906	-0.97351
624	47	-9.518	-0.92384
624	49	-9.5252	-0.6755
625	2	-5.3525	-0.94371
625	8	-6.259	-1.043
625	32	-7.6906	-0.97351
625	47	-9.5755	-0.93377
625	49	-9.5755	-0.6755
626	2	-5.3453	-0.94371
626	8	-6.259	-1.053
626	32	-7.6906	-0.97351
626	47	-9.6259	-0.94371
626	49	-9.6259	-0.68543
627	2	-5.3453	-0.94371
627	8	-6.259	-1.053
627	32	-7.6906	-0.97351
627	47	-9.6835	-0.95364
627	49	-9.6763	-0.68543
628	2	-5.3381	-0.94371
628	8	-6.259	-1.053
628	32	-7.6906	-0.98344
628	47	-9.7338	-0.95364
628	49	-9.7338	-0.68543
629	2	-5.3309	-0.94371
629	8	-6.259	-1.0629
629	32	-7.6906	-0.99338
629	47	-9.7914	-0.97351
629	49	-9.7914	-0.69536
630	2	-5.3309	-0.94371
630	8	-6.259	-1.0629
630	32	-7.6906	-0.99338
630	47	-9.8417	-0.97351
630	49	-9.8417	-0.69536
631	2	-5.3237	-0.95364
631	8	-6.259	-1.0629
631	32	-7.6906	-0.99338
631	47	-9.8993	-0.98344
631	49	-9.8993	-0.7053
631	51	-6.8417	-0.7947
632	2	-5.3165	-0.95364
632	8	-6.259	-1.0728
632	32	-7.6906	-0.99338
632	47	-9.9568	-0.99338
632	49	-9.964	-0.7053
632	51	-6.8417	-0.7947
633	2	-5.3165	-0.95364
633	8	-6.259	-1.0728
633	32	-7.6906	-0.99338
633	47	-10.014	-0.99338
633	49	-10.029	-0.71523
633	51	-6.8489	-0.7947
634	2	-5.3094	-0.95364
634	8	-6.259	-1.0728
634	32	-7.6906	-1.0033
634	47	-10.072	-1.0033
634	49	-10.029	-0.71523
634	51	-6.8561	-0.80464
635	2	-5.3022	-0.95364
635	8	-6.259	-1.0728
635	32	-7.6906	-1.0033
635	47	-10.129	-1.0132
635	49	-10.029	-0.71523
635	51	-6.8561	-0.80464
636	2	-5.3022	-0.96358
636	8	-6.2518	-1.0728
636	32	-7.6906	-1.0033
636	47	-10.187	-1.0132
636	51	-6.8633	-0.80464
637	2	-5.295	-0.96358
637	8	-6.2518	-1.0828
637	32	-7.6906	-1.0132
637	47	-10.245	-1.0331
637	51	-6.8633	-0.81457
638	2	-5.2878	-0.96358
638	8	-6.2518	-1.0828
638	32	-7.6906	-1.0132
638	47	-10.309	-1.043
638	51	-6.8633	-0.81457
639	2	-5.2878	-0.97351
639	8	-6.2518	-1.0828
639	32	-7.6906	-1.0232
639	47	-10.381	-1.053
639	51	-6.8705	-0.81457
640	2	-5.2806	-0.97351
640	8	-6.2518	-1.0828
640	32	-7.6906	-1.0232
640	47	-10.446	-1.0629
640	51	-6.8777	-0.8245
641	2	-5.2734	-0.97351
641	8	-6.2518	-1.0828
641	32	-7.6906	-1.0232
641	47	-10.518	-1.0629
641	51	-6.7626	-0.8245
642	2	-5.2734	-0.97351
642	8	-6.2446	-1.0927
642	32	-7.6906	-1.0232
642	47	-10.597	-1.0728
642	51	-6.7698	-0.8245
643	2	-5.2662	-0.97351
643	8	-6.2446	-1.0828
643	32	-7.6906	-1.0331
643	47	-10.669	-1.0828
643	51	-6.7698	-0.8245
644	2	-5.259	-0.97351
644	8	-6.2446	-1.0828
644	32	-7.6906	-1.0232
644	47	-10.748	-1.0828
644	51	-6.777	-0.8245
645	2	-5.259	-0.97351
645	8	-6.2446	-1.0828
645	32	-7.6906	-1.0232
645	47	-10.82	-1.0927
645	51	-6.7842	-0.8245
646	2	-5.2518	-0.97351
646	8	-6.2446	-1.0828
646	32	-7.6906	-1.0232
646	47	-10.892	-1.1026
646	51	-6.7842	-0.8245
647	2	-5.2518	-0.97351
647	8	-6.2446	-1.0828
647	32	-7.6906	-1.0232
647	47	-10.964	-1.1126
647	51	-6.7914	-0.8245
648	2	-5.2446	-0.97351
648	8	-6.2374	-1.0828
648	32	-7.6906	-1.0232
648	51	-6.7986	-0.8245
649	2	-5.2446	-0.97351
649	8	-6.2374	-1.0828
649	32	-7.6906	-1.0232
649	51	-6.8058	-0.8245
650	2	-5.2374	-0.97351
650	8	-6.2374	-1.0828
650	32	-7.6906	-1.0232
650	51	-6.8058	-0.8245
651	2	-5.2374	-0.97351
651	8	-6.2374	-1.0828
651	32	-7.6906	-1.0232
651	51	-6.8129	-0.71523
652	2	-5.2302	-0.97351
652	8	-6.2374	-1.0828
652	32	-7.6906	-1.0232
652	51	-6.8129	-0.71523
653	2	-5.2302	-0.97351
653	8	-6.2302	-1.0828
653	32	-7.6906	-1.0232
653	51	-6.8129	-0.71523
654	2	-5.223	-0.97351
654	8	-6.223	-1.0828
654	32	-7.6906	-1.0232
654	51	-6.8129	-0.71523
655	2	-5.2158	-0.97351
655	8	-6.223	-1.0828
655	32	-7.6906	-1.0232
655	51	-6.8129	-0.7053
656	2	-5.2158	-0.97351
656	8	-6.2158	-1.0828
656	32	-7.6906	-1.0232
656	51	-6.8201	-0.7053
657	2	-5.2086	-0.97351
657	8	-6.2158	-1.0828
657	32	-7.6906	-1.0232
657	51	-6.8345	-0.71523
658	2	-5.2086	-0.97351
658	8	-6.2086	-1.0828
658	32	-7.6835	-1.0232
658	51	-6.8417	-0.71523
659	2	-5.2014	-0.97351
659	8	-6.2158	-1.0927
659	32	-7.6835	-1.0232
659	51	-6.8345	-0.71523
660	2	-5.1942	-0.97351
660	8	-6.1942	-1.0728
660	32	-7.6835	-1.0132
660	51	-6.8345	-0.7053
661	2	-5.1942	-0.97351
661	8	-6.1942	-1.0728
661	32	-7.6835	-1.0132
661	51	-6.8345	-0.7053
662	2	-5.1871	-0.96358
662	8	-6.1871	-1.0728
662	32	-7.6835	-1.0033
662	51	-6.8345	-0.7053
663	2	-5.1871	-0.96358
663	8	-6.2014	-1.0927
663	32	-7.6906	-1.0033
663	51	-6.8345	-0.68543
664	2	-5.1799	-0.96358
664	8	-6.2014	-1.0927
664	32	-7.6906	-0.99338
664	51	-6.8345	-0.69536
665	2	-5.1727	-0.95364
665	8	-6.1942	-1.0927
665	32	-7.6906	-1.0033
665	51	-6.8345	-0.69536
666	2	-5.1727	-0.96358
666	8	-6.1942	-1.1026
666	32	-7.6978	-1.0033
666	51	-6.8345	-0.69536
667	2	-5.1655	-0.96358
667	8	-6.1871	-1.1026
667	32	-7.6906	-1.0033
667	51	-6.8345	-0.69536
668	2	-5.1655	-0.96358
668	8	-6.1799	-1.1126
668	32	-7.6978	-1.0033
668	51	-6.8345	-0.69536
669	2	-5.1583	-0.96358
669	8	-6.1727	-1.1126
669	32	-7.6978	-1.0132
670	2	-5.1511	-0.96358
670	8	-6.1727	-1.1225
670	32	-7.6978	-1.0232
671	2	-5.1439	-0.97351
671	8	-6.1655	-1.1325
671	32	-7.6978	-1.0232
672	2	-5.1367	-0.96358
672	8	-6.1583	-1.1225
672	32	-7.6978	-1.0232
673	2	-5.1367	-0.98344
673	8	-6.1511	-1.1325
673	32	-7.705	-1.0232
674	2	-5.1295	-0.98344
674	8	-6.1439	-1.1325
674	32	-7.705	-1.0232
675	2	-5.1223	-0.96358
675	8	-6.1367	-1.1325
675	32	-7.705	-1.0232
676	2	-5.1223	-0.98344
676	8	-6.1367	-1.1225
676	32	-7.705	-1.0232
677	2	-5.1151	-0.96358
677	8	-6.1295	-1.1225
677	32	-7.705	-1.0232
678	2	-5.1079	-0.95364
678	8	-6.1223	-1.1225
678	32	-7.7122	-1.0232
679	2	-5.1079	-0.98344
679	8	-6.1151	-1.1126
679	32	-7.7122	-1.0132
680	2	-5.1007	-0.95364
680	8	-6.1079	-1.1126
680	32	-7.7122	-1.0132
681	2	-5.0935	-0.94371
681	8	-6.0576	-1.1026
681	32	-7.7122	-1.0132
682	2	-5.0863	-0.94371
682	8	-6.0504	-1.1026
682	32	-7.7122	-1.0033
683	2	-5.0863	-0.94371
683	8	-6.0432	-1.0927
683	32	-7.7122	-1.0033
684	2	-5.0791	-0.94371
684	8	-6.036	-1.0927
684	32	-7.7122	-1.0033
685	2	-5.0791	-0.97351
685	8	-6.0288	-1.0927
685	32	-7.7194	-1.0033
686	2	-5.0791	-0.97351
686	8	-6.0216	-1.0927
686	32	-7.7194	-1.0033
687	2	-5.0719	-0.97351
687	8	-6.0144	-1.0927
687	32	-7.7194	-1.0033
688	2	-5.0647	-0.97351
688	8	-6.0072	-1.0927
688	32	-7.7194	-1.0033
689	2	-5.0576	-0.97351
689	8	-6	-1.0927
689	32	-7.7194	-1.0132
690	2	-5.0504	-0.97351
690	8	-5.9928	-1.0828
690	32	-7.7194	-1.0132
691	2	-5.0504	-0.97351
691	8	-5.9856	-1.0828
691	32	-7.7194	-1.0132
692	2	-5.0432	-0.98344
692	8	-5.9784	-1.0828
692	32	-7.7194	-1.0132
693	2	-5.036	-0.98344
693	8	-5.9712	-1.0828
693	32	-7.7266	-1.0232
694	2	-5.0288	-0.98344
694	8	-5.9568	-1.0828
694	32	-7.7266	-1.0232
695	2	-5.0216	-0.98344
695	8	-5.9496	-1.0828
695	32	-7.7266	-1.0232
696	2	-5.0144	-0.98344
696	8	-5.9424	-1.0728
696	32	-7.7266	-1.0232
697	2	-5.0072	-0.98344
697	8	-5.9353	-1.0728
697	32	-7.7266	-1.0232
698	2	-4.9928	-0.98344
698	8	-5.9281	-1.0728
698	32	-7.7338	-1.0232
699	2	-4.9928	-0.98344
699	8	-5.9209	-1.0728
699	32	-7.7338	-1.0232
700	2	-4.964	-0.98344
700	8	-5.9065	-1.0728
700	32	-7.7338	-1.0232
701	2	-4.9568	-0.97351
701	8	-5.9065	-1.0728
701	32	-7.741	-1.0232
702	2	-4.9424	-0.97351
702	8	-5.8921	-1.0629
702	32	-7.741	-1.0232
703	2	-4.9496	-0.98344
703	8	-5.8849	-1.0629
703	32	-7.741	-1.0232
704	2	-4.9424	-0.98344
704	8	-5.8777	-1.0629
704	32	-7.7482	-1.0232
705	2	-4.9281	-0.98344
705	8	-5.8705	-1.0629
705	32	-7.7482	-1.0232
706	2	-4.9137	-0.98344
706	8	-5.8561	-1.0629
706	32	-7.7554	-1.0232
707	2	-4.8777	-0.96358
707	8	-5.8489	-1.053
707	32	-7.7554	-1.0232
708	2	-4.8633	-0.96358
708	8	-5.8417	-1.053
708	32	-7.7626	-1.0232
709	2	-4.8489	-0.96358
709	8	-5.8345	-1.053
709	32	-7.7698	-1.0232
710	2	-4.8345	-0.96358
710	8	-5.8273	-1.043
710	32	-7.777	-1.0232
711	2	-4.8201	-0.96358
711	8	-5.8201	-1.043
711	32	-7.7842	-1.0232
712	2	-4.8058	-0.96358
712	8	-5.8129	-1.043
712	32	-7.7914	-1.0232
713	2	-4.7914	-0.96358
713	8	-5.7986	-1.043
713	32	-7.7986	-1.0232
714	2	-4.7698	-0.96358
714	8	-5.7914	-1.0331
714	32	-7.7986	-1.0232
715	2	-4.7554	-0.96358
715	8	-5.7842	-1.0331
715	32	-7.8058	-1.0331
716	2	-4.7338	-0.96358
716	8	-5.777	-1.0331
716	32	-7.8201	-1.0232
717	2	-4.7338	-0.97351
717	8	-5.7698	-1.0232
717	32	-7.8273	-1.0232
718	2	-4.7194	-0.97351
718	8	-5.7554	-1.0232
718	32	-7.8345	-1.0232
719	2	-4.6978	-0.97351
719	8	-5.7482	-1.0232
719	32	-7.8417	-1.0331
720	2	-4.6619	-0.95364
720	8	-5.741	-1.0132
720	32	-7.8489	-1.0331
721	2	-4.5971	-0.87417
721	8	-5.7266	-1.0132
721	32	-7.8561	-1.0331
722	2	-4.5755	-0.87417
722	8	-5.7194	-1.0132
722	32	-7.8633	-1.0331
723	2	-4.554	-0.87417
723	8	-5.7122	-1.0132
723	32	-7.8777	-1.0331
724	2	-4.5324	-0.87417
724	8	-5.705	-1.0132
724	32	-7.8921	-1.0331
725	2	-4.5108	-0.87417
725	8	-5.6978	-1.0033
725	32	-7.9065	-1.043
726	2	-4.4892	-0.87417
726	8	-5.6906	-1.0033
726	32	-7.9209	-1.043
727	2	-4.4676	-0.86424
727	8	-5.6835	-1.0033
727	32	-7.9353	-1.043
728	2	-4.446	-0.86424
728	8	-5.6763	-1.0033
728	32	-7.9496	-1.043
729	2	-4.4245	-0.86424
729	8	-5.6619	-0.99338
729	32	-7.964	-1.043
730	2	-4.3957	-0.86424
730	8	-5.6547	-0.99338
730	32	-7.9856	-1.053
731	2	-4.3741	-0.86424
731	8	-5.6475	-0.99338
731	32	-8	-1.053
732	2	-4.3525	-0.86424
732	8	-5.6403	-0.99338
732	32	-8.0216	-1.053
733	2	-4.3309	-0.86424
733	8	-5.6331	-0.98344
733	32	-8.036	-1.0629
734	2	-4.3022	-0.86424
734	8	-5.6259	-0.98344
734	32	-8.0576	-1.0629
735	2	-4.2806	-0.86424
735	8	-5.6187	-0.98344
735	32	-8.0791	-1.0629
736	2	-4.2518	-0.87417
736	8	-5.6115	-0.98344
736	32	-8.1079	-1.0728
737	2	-4.2302	-0.87417
737	8	-5.6043	-0.97351
737	32	-8.1295	-1.0728
738	2	-4.2014	-0.87417
738	8	-5.5971	-0.97351
738	32	-8.1511	-1.0728
739	2	-4.1799	-0.88411
739	8	-5.5899	-0.97351
739	32	-8.1799	-1.0828
740	2	-4.1511	-0.88411
740	8	-5.5827	-0.97351
740	32	-8.2086	-1.0828
741	2	-4.1295	-0.88411
741	8	-5.5827	-0.96358
741	32	-8.2374	-1.0927
742	2	-4.1007	-0.88411
742	8	-5.5755	-0.96358
742	32	-8.2662	-1.0927
743	2	-4.0719	-0.88411
743	8	-5.5683	-0.96358
743	32	-8.295	-1.1026
744	2	-4.0432	-0.88411
744	8	-5.5612	-0.96358
744	32	-8.3309	-1.1126
745	2	-4.0144	-0.88411
745	8	-5.5612	-0.95364
745	32	-8.3597	-1.1126
746	2	-3.9856	-0.88411
746	8	-5.554	-0.95364
746	32	-8.3957	-1.1225
747	2	-3.9568	-0.89404
747	8	-5.5468	-0.95364
747	32	-8.4317	-1.1225
748	2	-3.9281	-0.89404
748	8	-5.5468	-0.95364
748	32	-8.4748	-1.1325
749	2	-3.8993	-0.89404
749	8	-5.5468	-0.95364
749	32	-8.518	-1.1424
750	2	-3.8705	-0.89404
750	8	-5.5396	-0.96358
750	32	-8.5612	-1.1523
751	2	-3.8417	-0.90397
751	8	-5.5396	-0.96358
751	32	-8.6043	-1.1623
752	2	-3.8129	-0.90397
752	8	-5.5396	-0.96358
752	32	-8.6547	-1.1722
753	2	-3.7842	-0.90397
753	8	-5.5396	-0.96358
753	32	-8.705	-1.1821
754	2	-3.7482	-0.90397
754	8	-5.5324	-0.96358
754	32	-8.7626	-1.1921
755	2	-3.7194	-0.91391
755	8	-5.5324	-0.96358
755	32	-8.8201	-1.202
756	2	-3.6835	-0.91391
756	8	-5.5108	-0.95364
756	32	-8.8849	-1.2219
757	2	-3.6547	-0.92384
757	8	-5.5108	-0.95364
757	32	-8.9424	-1.2318
758	2	-3.6187	-0.92384
758	8	-5.5108	-0.95364
758	32	-9.0144	-1.2517
759	2	-3.5827	-0.92384
759	8	-5.5108	-0.95364
759	32	-9.0863	-1.2616
760	2	-3.5468	-0.93377
760	8	-5.5108	-0.95364
760	32	-9.1655	-1.2815
761	2	-3.5108	-0.93377
761	8	-5.5108	-0.95364
761	32	-9.3453	-1.4106
762	2	-3.4748	-0.94371
762	8	-5.5108	-0.95364
762	32	-9.4388	-1.4305
763	2	-3.4388	-0.94371
763	8	-5.5108	-0.95364
763	32	-9.5324	-1.4503
764	2	-3.4029	-0.95364
764	8	-5.5108	-0.95364
764	32	-9.6331	-1.4801
765	2	-3.3597	-0.95364
765	8	-5.518	-0.95364
765	32	-9.741	-1.5099
766	2	-3.3237	-0.95364
766	8	-5.518	-0.95364
766	32	-9.8561	-1.5298
767	2	-3.2806	-0.96358
767	8	-5.518	-0.95364
767	32	-9.9784	-1.5596
768	2	-3.2374	-0.96358
768	8	-5.518	-0.95364
768	32	-10.108	-1.5894
769	2	-3.1942	-0.97351
769	8	-5.5252	-0.96358
769	32	-10.245	-1.6291
770	2	-3.1439	-0.97351
770	8	-5.5252	-0.96358
770	32	-10.41	-1.6788
771	2	-3.1007	-0.97351
771	8	-5.5252	-0.96358
771	32	-10.568	-1.7185
772	2	-3.0504	-0.97351
772	8	-5.5324	-0.96358
772	32	-9.5036	-1.7682
773	2	-3	-0.98344
773	8	-5.5324	-0.96358
773	32	-9.6619	-1.8179
774	2	-2.9496	-0.99338
774	8	-5.5396	-0.96358
774	32	-9.8273	-1.8874
775	2	-2.8993	-1.0033
775	8	-5.5396	-0.97351
775	32	-10	-1.957
776	2	-2.8417	-1.0132
776	8	-5.5468	-0.97351
776	32	-10.194	-2.0364
777	2	-2.7842	-1.0232
777	8	-5.5468	-0.97351
777	32	-10.403	-2.1258
778	2	-2.7338	-1.0331
778	8	-5.554	-0.97351
778	32	-10.619	-2.2152
779	2	-2.6691	-1.053
779	8	-5.5612	-0.97351
779	32	-10.849	-2.3146
780	2	-2.6115	-1.0629
780	8	-5.5612	-0.97351
780	32	-11.086	-2.404
781	2	-2.5468	-1.0728
781	8	-5.5683	-0.97351
781	32	-11.158	-2.404
782	2	-2.482	-1.0828
782	8	-5.5755	-0.97351
782	32	-9.482	-2.4437
783	2	-2.4173	-1.0828
783	8	-5.5827	-0.97351
783	32	-9.518	-2.4636
784	2	-2.3453	-1.0828
784	8	-5.5899	-0.97351
784	32	-9.6115	-2.5132
785	2	-2.2734	-1.0828
785	8	-5.5899	-0.97351
785	32	-9.6547	-2.543
786	2	-2.2014	-1.0828
786	8	-5.5971	-0.97351
786	32	-9.6978	-2.5629
787	2	-2.1223	-1.0927
787	8	-5.6115	-0.97351
787	32	-9.741	-2.5828
788	2	-2.0432	-1.0927
788	8	-5.6115	-0.96358
789	2	-1.964	-1.1026
789	8	-5.6187	-0.96358
790	2	-1.8777	-1.1126
790	8	-5.6259	-0.96358
791	2	-1.9137	-1.1325
791	8	-5.6331	-0.96358
792	2	-1.8201	-1.1424
792	8	-5.6403	-0.96358
793	2	-1.7266	-1.1623
793	8	-5.6475	-0.95364
794	2	-1.6259	-1.1722
794	8	-5.6475	-0.95364
795	2	-1.518	-1.1921
795	8	-5.6547	-0.95364
796	2	-1.4029	-1.202
796	8	-5.6619	-0.94371
797	2	-1.2878	-1.2119
797	8	-5.6691	-0.94371
798	2	-1.1583	-1.2219
798	8	-5.6763	-0.94371
799	2	-1.0288	-1.2318
799	8	-5.6763	-0.94371
800	2	-0.88489	-1.2417
800	8	-5.6835	-0.93377
801	8	-5.6835	-0.93377
802	8	-5.6906	-0.93377
803	8	-5.6978	-0.93377
804	8	-5.6978	-0.93377
805	8	-5.705	-0.92384
806	8	-5.6978	-0.91391
807	8	-5.705	-0.91391
808	8	-5.705	-0.90397
809	8	-5.705	-0.90397
810	8	-5.7122	-0.90397
811	8	-5.7122	-0.89404
812	8	-5.7122	-0.88411
813	8	-5.7122	-0.88411
814	8	-5.7122	-0.87417
815	8	-5.7122	-0.87417
816	8	-5.7122	-0.87417
817	8	-5.7122	-0.86424
818	8	-5.7122	-0.86424
819	8	-5.705	-0.8543
820	8	-5.705	-0.8543
821	8	-5.705	-0.84437
822	8	-5.705	-0.84437
823	8	-5.6978	-0.83444
824	8	-5.6978	-0.83444
825	8	-5.6978	-0.83444
826	8	-5.6906	-0.8245
827	8	-5.6906	-0.8245
828	8	-5.6835	-0.8245
829	8	-5.6835	-0.81457
830	8	-5.6763	-0.80464
831	8	-5.6691	-0.80464
832	8	-5.6691	-0.7947
833	8	-5.6619	-0.78477
834	8	-5.6547	-0.78477
835	8	-5.6475	-0.77483
836	8	-5.6475	-0.77483
837	8	-5.6403	-0.7649
838	8	-5.6331	-0.7649
839	8	-5.6331	-0.7649
840	8	-5.6259	-0.7649
841	8	-5.6259	-0.75497
842	8	-5.6259	-0.75497
843	8	-5.6187	-0.75497
844	8	-5.6187	-0.75497
845	8	-5.6187	-0.75497
846	8	-5.6187	-0.75497
847	8	-5.6115	-0.75497
848	8	-5.6115	-0.75497
849	8	-5.6115	-0.75497
850	8	-5.6115	-0.75497
851	8	-5.5755	-0.74503
852	8	-5.5755	-0.74503
853	8	-5.5755	-0.74503
854	8	-5.5755	-0.74503
855	8	-5.5755	-0.74503
856	8	-5.5755	-0.74503
857	8	-5.5755	-0.74503
858	8	-5.5755	-0.74503
859	8	-5.5755	-0.74503
860	8	-5.5755	-0.74503
861	8	-5.5827	-0.7351
862	8	-5.5827	-0.7351
863	8	-5.5827	-0.7351
864	8	-5.5827	-0.7351
865	8	-5.5899	-0.7351
866	8	-5.5899	-0.7351
867	8	-5.5971	-0.72517
868	8	-5.5971	-0.72517
869	8	-5.6043	-0.72517
870	8	-5.6043	-0.72517
871	8	-5.6115	-0.72517
872	8	-5.6115	-0.71523
873	8	-5.6187	-0.71523
874	8	-5.6187	-0.71523
875	8	-5.6259	-0.71523
876	8	-5.6259	-0.72517
877	8	-5.6331	-0.71523
878	8	-5.6331	-0.71523
879	8	-5.6403	-0.71523
880	8	-5.6475	-0.71523
881	8	-5.6547	-0.71523
