31	1	-8.2374	-2.6722
31	2	-6.9065	-1.9868
31	3	-5.6619	-1.3311
31	4	-3.8993	-1.0132
32	1	-8.223	-2.6623
32	2	-6.9137	-1.9967
32	3	-5.7626	-1.3212
32	4	-3.8417	-1.0033
33	1	-8.1871	-2.6523
33	2	-6.8921	-1.9868
33	3	-5.7482	-1.3113
33	4	-3.7842	-0.98344
34	1	-8.1655	-2.6424
34	2	-6.8633	-1.9768
34	3	-5.7266	-1.3113
34	4	-3.7266	-0.96358
35	1	-8.1295	-2.6325
35	2	-6.8417	-1.9669
35	3	-5.7122	-1.3013
35	4	-3.6619	-0.95364
36	1	-8.1007	-2.6225
36	2	-6.8129	-1.957
36	3	-5.6835	-1.3013
36	4	-3.6043	-0.93377
37	1	-8.0647	-2.6126
37	2	-6.7842	-1.947
37	3	-5.6547	-1.2914
37	4	-3.5468	-0.92384
38	1	-8.0288	-2.5927
38	2	-6.7554	-1.9371
38	3	-5.6331	-1.2815
38	4	-3.482	-0.90397
39	1	-7.9928	-2.5728
39	2	-6.7122	-1.9371
39	3	-5.6043	-1.2815
39	4	-3.4245	-0.89404
40	1	-7.9496	-2.5629
40	2	-6.6763	-1.9272
40	3	-5.4604	-1.2815
40	4	-3.3597	-0.87417
41	1	-7.9137	-2.543
41	3	-5.4317	-1.2815
41	4	-3.3022	-0.86424
41	7	-7.964	-1.3013
42	1	-7.8705	-2.5331
42	3	-5.3957	-1.2815
42	4	-3.2374	-0.8543
42	7	-7.9209	-1.3013
43	1	-7.8201	-2.5132
43	3	-5.3597	-1.2715
43	4	-3.1727	-0.84437
43	7	-7.8849	-1.3013
44	1	-7.777	-2.5033
44	3	-5.3309	-1.2815
44	4	-3.1151	-0.84437
44	7	-7.8345	-1.2914
45	1	-7.7266	-2.4834
45	3	-5.295	-1.2715
45	4	-3.0504	-0.83444
45	7	-8.0144	-1.3311
46	1	-7.6763	-2.4735
46	3	-5.259	-1.2616
46	4	-2.9928	-0.83444
46	7	-8.0072	-1.3212
47	1	-7.6259	-2.4636
47	3	-5.2158	-1.2616
47	4	-2.9353	-0.8245
47	7	-7.9928	-1.3212
48	1	-7.5755	-2.4437
48	3	-5.1799	-1.2517
48	4	-2.8777	-0.8245
48	7	-7.9784	-1.3113
48	8	-2.9209	-2.1954
49	1	-7.5252	-2.4338
49	3	-5.1367	-1.2517
49	4	-2.8273	-0.8245
49	7	-7.9712	-1.3013
49	8	-2.8777	-2.2252
50	1	-7.4676	-2.4238
50	3	-5.1007	-1.2417
50	4	-2.7698	-0.8245
50	7	-7.964	-1.3113
50	8	-2.8201	-2.245
51	1	-7.4101	-2.4238
51	3	-5.0647	-1.2417
51	4	-2.7122	-0.8245
51	7	-7.9568	-1.3212
51	8	-2.7698	-2.2748
52	1	-7.3525	-2.4139
52	3	-5.0144	-1.2417
52	4	-2.554	-0.87417
52	7	-7.9496	-1.3212
52	8	-2.7122	-2.2947
53	1	-7.2878	-2.4139
53	3	-4.964	-1.2417
53	4	-2.4964	-0.87417
53	7	-7.9424	-1.3212
53	8	-2.6547	-2.3245
54	1	-7.2158	-2.4139
54	3	-4.9209	-1.2318
54	4	-2.4676	-0.90397
54	7	-7.9353	-1.3212
54	8	-2.5971	-2.3543
55	1	-7.1511	-2.4139
55	3	-4.8777	-1.2318
55	4	-2.3669	-0.88411
55	7	-7.9281	-1.3212
55	8	-2.5324	-2.3742
56	1	-7.0791	-2.404
56	3	-4.8273	-1.2219
56	4	-2.3309	-0.90397
56	7	-7.9281	-1.3113
57	1	-7.0072	-2.394
57	3	-4.777	-1.2119
57	4	-2.2878	-0.91391
57	7	-7.9353	-1.3013
58	1	-6.9353	-2.3841
58	3	-4.7266	-1.2119
58	4	-2.2446	-0.93377
58	7	-7.9424	-1.3013
59	1	-6.8633	-2.3642
59	3	-4.6691	-1.202
59	4	-2.2014	-0.96358
60	1	-6.7914	-2.3543
60	3	-4.6187	-1.1921
60	4	-1.9568	-0.98344
61	1	-6.7122	-2.3245
61	3	-4.5683	-1.1821
61	4	-1.9137	-1.0033
62	1	-6.6403	-2.3146
62	3	-4.518	-1.1921
62	4	-1.8058	-0.98344
63	1	-6.5612	-2.2848
63	3	-4.4748	-1.1921
63	4	-1.5612	-1.0132
64	1	-6.482	-2.2649
64	3	-4.4173	-1.1821
64	4	-1.518	-1.0232
65	1	-6.4029	-2.245
65	3	-4.3669	-1.1722
65	4	-1.4748	-1.0033
66	1	-6.3237	-2.2252
66	3	-4.3094	-1.1722
66	4	-1.4317	-1.0132
67	1	-6.2374	-2.2053
67	3	-4.2518	-1.1623
67	4	-1.3957	-1.0331
68	1	-6.1583	-2.1954
68	3	-4.1871	-1.1623
68	4	-1.3453	-1.0331
69	1	-6.0719	-2.1755
69	3	-4.1223	-1.1523
69	4	-1.2878	-1.0331
70	1	-5.9856	-2.1656
70	3	-4.0576	-1.1424
70	4	-0.68345	-1.1126
71	1	-5.8993	-2.1556
71	3	-3.9928	-1.1325
71	4	-0.61871	-1.1126
72	1	-5.8058	-2.1358
72	3	-3.9281	-1.1225
73	1	-5.7194	-2.1159
73	3	-3.8633	-1.1225
74	1	-5.6259	-2.096
74	3	-3.7986	-1.1126
75	1	-5.5324	-2.0762
75	3	-3.7266	-1.1126
76	1	-5.4388	-2.0563
76	3	-3.5899	-1.1126
77	1	-5.3453	-2.0364
77	3	-3.5108	-1.1026
78	1	-5.2518	-2.0265
78	3	-3.446	-1.1026
79	1	-5.1511	-2.0066
79	3	-3.3669	-1.0927
80	1	-5.0576	-1.9967
80	3	-3.2878	-1.0728
81	1	-4.9568	-1.9868
81	3	-3.2014	-1.0629
82	1	-4.8561	-1.9768
82	3	-3.1223	-1.053
83	1	-4.7626	-1.9669
83	3	-3.036	-1.043
84	1	-4.7986	-1.9669
84	3	-2.9496	-1.0331
85	1	-4.6978	-1.957
85	3	-2.8633	-1.0132
86	1	-4.5899	-1.947
86	3	-2.777	-1.0033
87	1	-4.482	-1.9272
87	3	-2.6763	-0.98344
88	1	-4.3813	-1.9172
88	3	-2.5899	-0.98344
89	1	-4.2734	-1.9172
89	3	-2.4892	-0.97351
90	1	-4.1655	-1.9073
90	3	-2.3885	-0.95364
91	1	-4.1223	-1.9868
91	3	-2.2878	-0.95364
91	12	-7.7986	-1.5497
92	1	-4.0144	-1.9868
92	3	-2.1871	-0.94371
92	12	-7.7842	-1.5497
93	1	-3.9065	-1.9768
93	3	-2.0863	-0.94371
93	12	-7.7626	-1.5298
94	1	-3.7986	-1.9768
94	3	-1.9784	-0.93377
94	12	-7.7482	-1.5199
95	1	-3.6906	-1.9768
95	3	-1.8705	-0.93377
95	12	-7.7338	-1.5298
96	1	-3.5827	-1.9768
96	3	-1.7626	-0.93377
96	12	-7.7122	-1.5
97	1	-3.4748	-1.9768
97	3	-1.6547	-0.93377
97	12	-7.6978	-1.4901
98	1	-3.3669	-1.9768
98	3	-1.5396	-0.93377
98	12	-7.6835	-1.4801
98	14	-9.036	-0.6457
99	1	-3.259	-1.9768
99	3	-1.4245	-0.92384
99	12	-7.6763	-1.4801
99	14	-9.0432	-0.6457
100	1	-3.1511	-1.9768
100	3	-1.3094	-0.91391
100	12	-7.6619	-1.4702
100	14	-9.0504	-0.6457
101	1	-3.0432	-1.9768
101	3	-1.1871	-0.92384
101	12	-7.6475	-1.4503
101	14	-9.0576	-0.63576
102	1	-2.9353	-1.9768
102	3	-1.0647	-0.90397
102	12	-7.6475	-1.4603
102	14	-9.0647	-0.63576
103	1	-2.8201	-1.9768
103	3	-0.94245	-0.92384
103	12	-7.6403	-1.4603
103	14	-9.0719	-0.63576
104	1	-2.7122	-1.9669
104	3	-0.81295	-0.91391
104	12	-7.6115	-1.4106
104	14	-9.0791	-0.63576
105	1	-2.5971	-1.957
105	3	-0.67626	-0.90397
105	12	-7.6043	-1.4106
105	14	-9.0935	-0.62583
106	1	-2.482	-1.957
106	12	-7.6043	-1.4106
106	14	-9.1007	-0.62583
106	16	-4.9137	-1.043
107	1	-2.3669	-1.947
107	12	-7.5899	-1.3808
107	14	-9.1151	-0.62583
107	16	-4.8561	-1.043
108	1	-2.2518	-1.947
108	12	-7.5827	-1.3709
108	14	-9.1295	-0.62583
108	16	-4.7986	-1.043
109	1	-2.1367	-1.947
109	12	-7.5755	-1.3609
109	14	-9.1439	-0.61589
109	16	-4.741	-1.043
110	1	-2.0216	-1.957
110	12	-7.5755	-1.3609
110	14	-9.1583	-0.62583
110	16	-4.6763	-1.043
111	1	-1.8993	-1.957
111	12	-7.5683	-1.3609
111	14	-9.1655	-0.62583
111	16	-4.6115	-1.043
112	1	-1.777	-1.957
112	12	-7.5683	-1.351
112	14	-9.1799	-0.61589
112	16	-4.554	-1.053
113	1	-1.6547	-1.9669
113	12	-7.5683	-1.351
113	14	-9.2014	-0.61589
113	16	-4.4892	-1.053
114	1	-1.5252	-1.9669
114	12	-7.554	-1.3113
114	14	-9.2158	-0.61589
114	16	-4.4245	-1.053
115	1	-1.3957	-1.9768
115	12	-7.5612	-1.3113
115	14	-9.2302	-0.61589
115	16	-4.3597	-1.053
116	1	-1.2662	-1.9768
116	12	-7.554	-1.3113
116	14	-9.2518	-0.61589
116	16	-4.2878	-1.053
117	1	-1.1367	-1.9768
117	12	-7.5683	-1.3311
117	14	-9.2662	-0.61589
117	16	-4.223	-1.053
118	1	-1	-1.9868
118	12	-7.5468	-1.2715
118	14	-9.2878	-0.60596
118	16	-4.1511	-1.053
119	1	-0.8705	-1.9868
119	12	-7.5468	-1.2616
119	14	-9.3094	-0.61589
119	16	-4.0863	-1.053
119	18	-7.1942	-0.78477
120	12	-7.554	-1.2616
120	14	-9.3237	-0.60596
120	16	-4.0144	-1.053
121	12	-7.554	-1.2616
121	14	-9.3453	-0.61589
121	16	-3.9353	-1.0629
122	12	-7.5612	-1.2616
122	14	-9.3669	-0.61589
122	16	-3.8633	-1.0629
123	12	-7.5612	-1.2517
123	14	-9.3957	-0.62583
123	16	-3.7914	-1.0728
124	12	-7.5683	-1.2517
124	14	-9.4173	-0.61589
124	16	-3.7194	-1.0728
125	12	-7.5827	-1.2616
125	14	-9.446	-0.62583
125	16	-3.6403	-1.0828
126	12	-7.5755	-1.2318
126	14	-9.4676	-0.62583
126	16	-3.5612	-1.0828
127	12	-7.5827	-1.2119
127	14	-9.4964	-0.62583
127	16	-3.482	-1.0927
128	12	-7.5899	-1.202
128	14	-9.518	-0.60596
128	16	-3.4029	-1.0927
129	12	-7.5971	-1.1821
129	14	-9.5468	-0.60596
129	16	-3.3237	-1.0927
130	12	-7.6115	-1.1821
130	14	-9.5755	-0.60596
130	16	-3.2374	-1.1026
131	12	-7.6259	-1.1722
131	14	-9.6043	-0.60596
131	16	-3.1583	-1.1026
132	12	-7.6403	-1.1722
132	14	-9.6331	-0.59603
132	16	-3.0719	-1.1126
133	12	-7.6547	-1.1722
133	14	-9.6619	-0.59603
133	16	-2.8058	-1.1026
134	12	-7.6547	-1.1325
134	14	-9.6978	-0.59603
134	16	-2.7122	-1.1126
135	12	-7.6763	-1.1523
135	14	-9.7338	-0.59603
135	16	-2.6187	-1.1126
136	12	-7.6978	-1.1523
136	14	-9.7698	-0.58609
136	16	-2.5252	-1.1126
137	12	-7.7194	-1.1623
137	14	-9.8129	-0.59603
137	16	-2.4245	-1.1225
138	12	-7.7122	-1.0927
138	14	-9.8489	-0.58609
138	16	-2.3237	-1.1225
138	20	-6.1079	-0.84437
139	12	-7.7482	-1.1623
139	14	-9.8921	-0.59603
139	16	-2.223	-1.1225
139	20	-6.0935	-0.84437
140	12	-7.7698	-1.1722
140	14	-9.9424	-0.59603
140	16	-2.1151	-1.1325
140	20	-6.1079	-0.84437
141	12	-7.7842	-1.0629
141	16	-2.036	-1.1325
141	20	-6.1439	-0.84437
142	12	-7.8345	-1.0629
142	16	-1.964	-1.1424
142	20	-6.1871	-0.8543
143	12	-7.8921	-1.0629
143	16	-1.8993	-1.1523
143	20	-6.2446	-0.8543
144	12	-7.9712	-1.0629
144	16	-1.8417	-1.1523
144	20	-6.3094	-0.8543
145	12	-8.0432	-1.053
145	16	-1.7842	-1.1623
145	20	-6.3885	-0.84437
146	12	-8.1223	-1.053
146	16	-1.7266	-1.1623
147	12	-8.1942	-1.0232
147	16	-1.6619	-1.1623
148	12	-8.2878	-1.0033
148	16	-1.6187	-1.1623
149	12	-8.3813	-0.99338
149	16	-1.5683	-1.1623
150	12	-8.482	-0.99338
150	16	-1.518	-1.1523
151	12	-8.6043	-1.043
151	16	-1.4604	-1.1523
152	12	-8.6763	-0.97351
152	16	-1.4029	-1.1523
153	12	-8.7482	-0.96358
153	16	-1.3165	-1.1424
154	12	-8.8345	-1.053
154	16	-1.2158	-1.1424
155	12	-8.8633	-0.98344
155	16	-1.1079	-1.1523
156	12	-8.9209	-0.98344
156	16	-1	-1.1623
157	12	-9	-0.99338
157	16	-1.1511	-1.1722
158	12	-9.0935	-1.0033
158	16	-1.0791	-1.1921
158	24	-7.6691	-0.62583
159	12	-9.2014	-1.0132
159	16	-1.0288	-1.202
159	24	-7.7986	-0.62583
160	12	-9.3094	-1.0132
160	16	-0.95683	-1.2219
160	24	-7.9281	-0.78477
161	12	-9.3525	-1.0033
161	16	-0.86331	-1.2417
161	24	-8.036	-0.78477
162	12	-9.4173	-1.0132
162	16	-0.7554	-1.2517
162	24	-8.1079	-0.78477
163	12	-9.4748	-1.0232
163	16	-0.64029	-1.2715
163	24	-8.2302	-0.80464
164	12	-9.5468	-1.0331
164	16	-0.53237	-1.2715
164	24	-8.3237	-0.80464
165	16	-0.45324	-1.2914
165	24	-8.4604	-0.83444
166	16	-0.39568	-1.2914
166	24	-8.5971	-0.8543
167	24	-8.7482	-0.8543
168	24	-8.8849	-0.8543
169	24	-9.0216	-0.8543
170	24	-9.1583	-0.86424
171	24	-9.295	-0.87417
172	24	-9.4317	-0.88411
191	30	-5.8705	-1.2517
192	30	-5.9856	-1.2715
193	30	-6.0863	-1.2914
194	30	-6.1655	-1.3212
195	30	-6.2446	-1.351
196	30	-6.3885	-1.3808
197	30	-6.5755	-1.4205
198	30	-6.7338	-1.4404
199	30	-6.8561	-1.4801
200	30	-6.9784	-1.5199
201	30	-7.0863	-1.5596
202	30	-7	-1.4106
203	30	-7.1439	-1.4503
204	30	-7.3094	-1.4801
205	30	-7.4748	-1.5
206	30	-7.6403	-1.5099
207	30	-7.8201	-1.5397
208	30	-7.9784	-1.5497
209	30	-8.1727	-1.5596
210	30	-8.4101	-1.5695
211	30	-8.6619	-1.5596
212	30	-8.8705	-1.5497
213	30	-9.0072	-1.5397
214	30	-9.1223	-1.5596
215	30	-9.2302	-1.5894
216	30	-9.3669	-1.6391
217	30	-9.5324	-1.6887
218	30	-9.7266	-1.7483
219	30	-10.065	-1.8179
220	30	-9.5396	-1.8775
221	30	-9.6978	-1.947
222	30	-9.8849	-1.9967
223	30	-10.065	-2.0563
224	30	-10.295	-2.1159
225	30	-10.561	-2.1656
226	30	-10.813	-2.1854
227	30	-11.079	-2.1854
228	30	-11.367	-2.1656
241	40	-8.4245	-1.3311
242	40	-8.7194	-1.3808
243	40	-9.0504	-1.4404
244	40	-9.3813	-1.5993
245	40	-9.6763	-1.6589
246	40	-9.9856	-1.7285
247	40	-10.317	-1.798
248	40	-10.633	-1.8576
249	40	-11.05	-1.8576
261	46	-6.7914	-1.4603
262	46	-6.9568	-1.4404
263	46	-7.0791	-1.4205
264	46	-7.2086	-1.4205
265	46	-7.3669	-1.4205
266	46	-7.5036	-1.4106
267	46	-7.482	-1.4901
268	46	-7.6691	-1.5
269	46	-7.8489	-1.4901
270	46	-7.9712	-1.4901
271	46	-8.0935	-1.5
272	46	-8.2086	-1.5099
272	50	-8.1439	-1.3609
273	46	-8.3381	-1.5199
273	50	-8.2806	-1.351
274	46	-8.2302	-1.2517
274	50	-8.4245	-1.3411
275	46	-8.3381	-1.2517
275	50	-8.5468	-1.3311
276	46	-8.3453	-1.2119
276	50	-8.6763	-1.3113
277	46	-8.1439	-1.2219
277	50	-8.7626	-1.3013
278	46	-8.1511	-1.202
278	50	-8.8273	-1.2914
279	46	-8.1511	-1.1921
279	50	-8.8993	-1.3013
279	52	-6.5036	-0.8543
279	53	-5.6259	-0.42715
279	54	-4.7842	-0.53642
279	55	-5.0935	-0.54636
280	46	-8.1655	-1.1821
280	50	-8.964	-1.3013
280	52	-6.5396	-0.84437
280	53	-5.6619	-0.41722
280	54	-4.8058	-0.52649
280	55	-5.1151	-0.53642
281	46	-8.2086	-1.202
281	50	-9.0288	-1.3113
281	52	-6.5827	-0.83444
281	53	-5.6978	-0.41722
281	54	-4.8345	-0.52649
281	55	-5.1439	-0.52649
282	46	-8.259	-1.2318
282	50	-9.1007	-1.3212
282	52	-6.6259	-0.83444
282	53	-5.7338	-0.40728
282	54	-4.8561	-0.51656
282	55	-5.1727	-0.51656
283	46	-8.2878	-1.2616
283	50	-9.1439	-1.3212
283	52	-6.6475	-0.8245
283	53	-5.741	-0.39735
283	54	-4.8705	-0.51656
283	55	-5.1799	-0.51656
284	46	-8.3165	-1.2914
284	50	-9.1871	-1.3311
284	52	-6.6619	-0.8245
284	53	-5.7482	-0.39735
284	54	-4.8705	-0.51656
284	55	-5.1727	-0.49669
285	46	-8.2662	-1.0728
285	50	-9.2302	-1.3311
285	52	-6.6835	-0.8245
285	53	-5.7698	-0.39735
285	54	-4.8777	-0.51656
285	55	-5.1727	-0.48675
286	46	-8.2662	-1.0728
286	50	-9.2806	-1.351
286	52	-6.6978	-0.8245
286	53	-5.7698	-0.38742
286	54	-4.8849	-0.51656
286	55	-5.1942	-0.51656
287	46	-8.1871	-1.0629
287	50	-9.3309	-1.3609
287	52	-6.7194	-0.83444
287	53	-5.7914	-0.39735
287	54	-4.8849	-0.51656
287	55	-5.1799	-0.48675
288	46	-8.1799	-1.053
288	50	-9.3813	-1.3609
288	52	-6.741	-0.83444
288	53	-5.7986	-0.39735
288	54	-4.8921	-0.51656
288	55	-5.1799	-0.48675
289	46	-8.1799	-1.0629
289	50	-9.4317	-1.3609
289	52	-6.7626	-0.83444
289	53	-5.8129	-0.39735
289	54	-4.8993	-0.52649
289	55	-5.1871	-0.47682
290	46	-8.1655	-1.0331
290	50	-9.482	-1.3808
290	52	-6.7842	-0.84437
290	53	-5.8273	-0.39735
290	54	-4.9065	-0.52649
290	55	-5.223	-0.52649
291	46	-8.1727	-1.0331
291	50	-9.5252	-1.3907
291	52	-6.8058	-0.8543
291	53	-5.8345	-0.39735
291	54	-4.9137	-0.52649
291	55	-5.2374	-0.52649
292	46	-8.1655	-1.0232
292	50	-9.5827	-1.4205
292	52	-6.8345	-0.8543
292	53	-5.8561	-0.39735
292	54	-4.9209	-0.52649
292	55	-5.2014	-0.46689
293	50	-9.6259	-1.4404
293	53	-5.8633	-0.39735
293	54	-4.9281	-0.52649
294	50	-9.6547	-1.4503
294	53	-5.8777	-0.39735
294	54	-4.9353	-0.52649
295	50	-9.6906	-1.4702
295	53	-5.8633	-0.38742
295	54	-4.9424	-0.52649
296	50	-9.705	-1.4702
296	53	-5.9065	-0.40728
296	54	-4.9496	-0.52649
297	50	-9.7338	-1.4801
297	53	-5.8777	-0.39735
297	54	-4.9496	-0.52649
298	50	-9.741	-1.4603
298	53	-5.9209	-0.41722
298	54	-4.9568	-0.52649
299	50	-9.7626	-1.4702
299	53	-5.8993	-0.41722
299	54	-4.9568	-0.52649
300	50	-9.7914	-1.4702
300	53	-5.9424	-0.43709
300	54	-4.964	-0.52649
301	50	-9.8058	-1.4503
301	53	-5.9496	-0.43709
301	54	-4.9712	-0.53642
302	50	-9.8417	-1.4404
302	53	-5.964	-0.44702
302	54	-4.9784	-0.53642
303	50	-9.8705	-1.4007
303	53	-5.9712	-0.44702
303	54	-4.9784	-0.53642
304	50	-9.9065	-1.3808
304	53	-5.9856	-0.44702
304	54	-4.9856	-0.53642
305	50	-9.9496	-1.4007
305	53	-5.9928	-0.45695
305	54	-4.9928	-0.53642
306	50	-9.9856	-1.3808
306	53	-6.0072	-0.45695
306	54	-5	-0.54636
307	50	-10.029	-1.3907
307	53	-6.0144	-0.46689
307	54	-5.0072	-0.54636
308	50	-10.058	-1.3808
308	53	-6.0288	-0.46689
308	54	-5.0144	-0.54636
309	50	-10.094	-1.3609
309	53	-6.0432	-0.46689
309	54	-5.0216	-0.54636
310	50	-10.137	-1.3808
310	53	-6.036	-0.46689
310	54	-5.0288	-0.54636
311	50	-10.144	-1.3808
311	53	-6.0504	-0.46689
311	54	-5.0288	-0.54636
312	50	-10.18	-1.4007
312	53	-6.0791	-0.47682
312	54	-5.036	-0.54636
313	50	-10.194	-1.3808
313	53	-6.0647	-0.46689
313	54	-5.0432	-0.54636
314	50	-10.201	-1.3311
314	53	-6.1079	-0.47682
314	54	-5.0576	-0.54636
315	53	-6.1223	-0.48675
315	54	-5.0647	-0.54636
316	53	-6.1367	-0.48675
316	54	-5.0719	-0.54636
317	53	-6.1511	-0.48675
317	54	-5.0791	-0.54636
318	53	-6.1583	-0.48675
318	54	-5.0863	-0.55629
319	53	-6.1727	-0.49669
319	54	-5.0935	-0.55629
320	53	-6.1871	-0.49669
320	54	-5.1007	-0.55629
321	53	-6.2014	-0.48675
321	54	-5.1079	-0.54636
322	53	-6.2158	-0.48675
322	54	-5.1151	-0.54636
323	53	-6.2302	-0.47682
323	54	-5.1295	-0.53642
324	53	-6.2374	-0.47682
324	54	-5.1367	-0.52649
325	53	-6.2518	-0.46689
325	54	-5.1439	-0.52649
325	56	-5.3525	-0.44702
326	53	-6.2662	-0.46689
326	54	-5.1511	-0.51656
326	56	-5.3597	-0.44702
327	53	-6.2734	-0.46689
327	54	-5.1583	-0.51656
327	56	-5.3669	-0.43709
328	53	-6.2878	-0.46689
328	54	-5.1583	-0.50662
328	56	-5.3669	-0.42715
329	53	-6.3022	-0.46689
329	54	-5.1655	-0.50662
329	56	-5.3741	-0.42715
330	53	-6.3165	-0.45695
330	54	-5.1799	-0.49669
330	56	-5.3813	-0.41722
331	53	-6.3309	-0.44702
331	54	-5.1871	-0.48675
331	56	-5.3957	-0.41722
332	53	-6.3525	-0.43709
332	54	-5.2014	-0.47682
332	56	-5.3957	-0.39735
333	53	-6.3669	-0.43709
333	54	-5.2086	-0.46689
333	56	-5.4029	-0.38742
334	53	-6.3813	-0.43709
334	54	-5.2158	-0.46689
334	56	-5.4101	-0.38742
335	53	-6.3957	-0.43709
335	54	-5.223	-0.46689
335	56	-5.4173	-0.37748
336	53	-6.4101	-0.43709
336	54	-5.2302	-0.46689
336	56	-5.4245	-0.37748
337	53	-6.4245	-0.44702
337	54	-5.2374	-0.47682
337	56	-5.4317	-0.38742
338	53	-6.4317	-0.45695
338	54	-5.2374	-0.47682
338	56	-5.4317	-0.38742
339	53	-6.4388	-0.46689
339	54	-5.2446	-0.48675
339	56	-5.4317	-0.39735
340	53	-6.446	-0.46689
340	54	-5.2518	-0.48675
340	56	-5.4388	-0.39735
341	53	-6.4604	-0.47682
341	54	-5.259	-0.48675
341	56	-5.446	-0.39735
342	53	-6.4748	-0.47682
342	54	-5.259	-0.48675
342	56	-5.4532	-0.39735
343	53	-6.482	-0.48675
343	54	-5.2662	-0.48675
343	56	-5.4604	-0.39735
344	53	-6.482	-0.47682
344	54	-5.2734	-0.49669
344	56	-5.4604	-0.40728
345	53	-6.4892	-0.48675
345	54	-5.2806	-0.49669
345	56	-5.4676	-0.40728
345	58	-7.4604	-1.1821
345	59	-9.7338	-1.3311
346	53	-6.5036	-0.49669
346	54	-5.2878	-0.49669
346	56	-5.4748	-0.40728
346	58	-7.4532	-1.1921
346	59	-9.7986	-1.351
347	53	-6.5108	-0.49669
347	54	-5.295	-0.49669
347	56	-5.482	-0.40728
347	58	-7.4532	-1.2119
347	59	-9.8633	-1.3709
348	53	-6.5252	-0.49669
348	54	-5.295	-0.49669
348	56	-5.4892	-0.40728
348	58	-7.4532	-1.2219
348	59	-9.9353	-1.3907
349	53	-6.5396	-0.50662
349	54	-5.3022	-0.49669
349	56	-5.4964	-0.40728
349	58	-7.4532	-1.2219
349	59	-10.007	-1.4106
350	53	-6.5468	-0.50662
350	54	-5.3094	-0.49669
350	56	-5.5036	-0.40728
350	58	-7.446	-1.2219
350	59	-10.079	-1.4205
351	53	-6.5612	-0.51656
351	54	-5.3165	-0.49669
351	56	-5.5036	-0.40728
351	58	-7.4604	-1.2318
351	59	-10.173	-1.4503
352	53	-6.5755	-0.51656
352	54	-5.3237	-0.48675
352	56	-5.5108	-0.40728
352	58	-7.4532	-1.2318
352	59	-10.259	-1.4801
353	53	-6.5827	-0.52649
353	54	-5.3309	-0.48675
353	56	-5.518	-0.39735
353	58	-7.4604	-1.2517
353	59	-10.36	-1.5199
354	53	-6.5971	-0.52649
354	54	-5.3381	-0.48675
354	56	-5.5252	-0.39735
354	58	-7.4676	-1.2715
355	53	-6.6115	-0.52649
355	54	-5.3453	-0.48675
355	56	-5.5324	-0.39735
355	58	-7.4676	-1.2715
356	53	-6.6259	-0.53642
356	54	-5.3525	-0.48675
356	56	-5.5396	-0.39735
356	58	-7.4748	-1.2815
357	54	-5.3597	-0.48675
357	56	-5.5468	-0.39735
357	58	-7.482	-1.3013
358	54	-5.3669	-0.48675
358	56	-5.554	-0.39735
358	58	-7.4892	-1.3212
359	54	-5.3741	-0.48675
359	56	-5.5612	-0.39735
359	58	-7.4964	-1.3311
360	54	-5.3813	-0.48675
360	56	-5.5683	-0.39735
360	58	-7.5108	-1.3411
361	54	-5.3813	-0.48675
361	56	-5.5755	-0.39735
361	58	-7.3094	-1.351
362	54	-5.3885	-0.48675
362	56	-5.5755	-0.39735
362	58	-7.3165	-1.3609
363	54	-5.3957	-0.48675
363	56	-5.5827	-0.39735
363	58	-7.3237	-1.3609
364	54	-5.4029	-0.49669
364	56	-5.5899	-0.39735
364	58	-7.3309	-1.3609
365	54	-5.4101	-0.49669
365	56	-5.5971	-0.39735
365	58	-7.3094	-1.3411
366	54	-5.4173	-0.49669
366	56	-5.6043	-0.39735
366	58	-7.3165	-1.3311
367	54	-5.4245	-0.49669
367	56	-5.6115	-0.40728
367	58	-7.3165	-1.3411
368	54	-5.4317	-0.49669
368	56	-5.6187	-0.40728
368	58	-7.3309	-1.351
369	54	-5.4388	-0.49669
369	56	-5.6259	-0.40728
369	58	-7.3381	-1.351
370	54	-5.446	-0.49669
370	56	-5.6331	-0.40728
370	58	-7.3453	-1.351
371	54	-5.4532	-0.49669
371	56	-5.6403	-0.40728
371	58	-7.3525	-1.3609
372	54	-5.4604	-0.49669
372	56	-5.6475	-0.39735
372	58	-7.3597	-1.3609
373	54	-5.4676	-0.49669
373	56	-5.6547	-0.39735
373	58	-7.3741	-1.3709
374	54	-5.482	-0.49669
374	56	-5.6691	-0.39735
374	58	-7.3813	-1.3709
375	54	-5.4892	-0.49669
375	56	-5.6763	-0.39735
375	58	-7.3957	-1.3808
376	54	-5.4964	-0.49669
376	56	-5.6835	-0.39735
376	58	-7.4101	-1.3808
377	54	-5.5036	-0.49669
377	56	-5.6906	-0.39735
377	58	-7.4245	-1.3907
378	54	-5.5108	-0.49669
378	56	-5.6978	-0.39735
378	58	-7.4317	-1.4007
379	54	-5.518	-0.49669
379	56	-5.705	-0.39735
379	58	-7.446	-1.4007
380	54	-5.5252	-0.49669
380	56	-5.7122	-0.39735
380	58	-7.4532	-1.4106
381	54	-5.5396	-0.49669
381	56	-5.7194	-0.38742
381	58	-7.4676	-1.4106
382	54	-5.5468	-0.49669
382	56	-5.7338	-0.38742
382	58	-7.482	-1.4205
383	54	-5.554	-0.49669
383	56	-5.741	-0.38742
383	58	-7.4964	-1.4205
384	54	-5.5612	-0.48675
384	56	-5.7482	-0.37748
384	58	-7.5108	-1.4305
385	54	-5.5683	-0.48675
385	56	-5.7554	-0.37748
385	58	-7.5252	-1.4205
386	54	-5.5755	-0.48675
386	56	-5.7626	-0.37748
386	58	-7.5396	-1.4305
387	54	-5.5827	-0.48675
387	56	-5.7698	-0.36755
387	58	-7.5468	-1.4305
388	54	-5.5899	-0.48675
388	56	-5.777	-0.36755
388	58	-7.5612	-1.4404
389	54	-5.6043	-0.48675
389	56	-5.7842	-0.36755
389	58	-7.5827	-1.4404
390	54	-5.6115	-0.48675
390	56	-5.7914	-0.35762
390	58	-7.5971	-1.4404
391	54	-5.6187	-0.47682
391	56	-5.7986	-0.35762
391	58	-7.6115	-1.4404
392	54	-5.6259	-0.47682
392	56	-5.8058	-0.35762
392	58	-7.6331	-1.4404
392	62	-2.5324	-0.29801
393	54	-5.6331	-0.47682
393	56	-5.8129	-0.34768
393	58	-7.6475	-1.4503
393	62	-2.4748	-0.29801
394	54	-5.6403	-0.47682
394	56	-5.8201	-0.34768
394	58	-7.6619	-1.4503
394	62	-2.4101	-0.29801
395	54	-5.6475	-0.47682
395	56	-5.8273	-0.33775
395	58	-7.6763	-1.4503
395	62	-2.3381	-0.29801
396	54	-5.6547	-0.47682
396	56	-5.8345	-0.32781
396	58	-7.6978	-1.4503
396	62	-2.3957	-0.11921
397	54	-5.6691	-0.46689
397	56	-5.8417	-0.32781
397	58	-7.7122	-1.4603
397	62	-2.3237	-0.10927
398	54	-5.6763	-0.46689
398	56	-5.8489	-0.31788
398	58	-7.7266	-1.4503
398	62	-2.259	-0.10927
399	54	-5.6835	-0.46689
399	56	-5.8561	-0.31788
399	58	-7.7482	-1.4603
399	62	-2.1871	-0.10927
400	54	-5.6906	-0.46689
400	56	-5.8633	-0.30795
400	58	-7.7626	-1.4603
400	62	-3.1295	-0.35762
401	54	-5.6978	-0.46689
401	56	-5.8633	-0.30795
401	58	-7.777	-1.4702
401	62	-3.0863	-0.36755
402	54	-5.6763	-0.35762
402	56	-5.8705	-0.29801
402	58	-7.5683	-1.0331
402	62	-3.0432	-0.36755
403	54	-5.6835	-0.35762
403	56	-5.8777	-0.29801
403	58	-7.5827	-1.0331
403	62	-2.9928	-0.36755
404	54	-5.6906	-0.34768
404	56	-5.8849	-0.28808
404	58	-7.6043	-1.0232
404	62	-2.9496	-0.37748
405	54	-5.6978	-0.34768
405	56	-5.8849	-0.28808
405	58	-7.6187	-1.0232
405	62	-2.6906	-0.37748
406	54	-5.705	-0.34768
406	56	-5.8921	-0.27815
406	58	-7.6331	-1.0132
406	62	-2.6259	-0.37748
407	54	-5.7122	-0.33775
407	56	-5.8993	-0.27815
407	58	-7.6475	-0.99338
407	62	-2.5468	-0.37748
408	54	-5.7266	-0.31788
408	56	-5.9065	-0.25828
408	58	-7.6691	-0.98344
408	62	-2.4676	-0.38742
409	54	-5.7338	-0.31788
409	56	-5.9137	-0.25828
409	58	-7.6835	-0.98344
409	62	-2.3813	-0.39735
410	54	-5.741	-0.30795
410	56	-5.9209	-0.24834
410	58	-7.705	-0.97351
410	62	-2.2878	-0.39735
411	54	-5.7482	-0.30795
411	56	-5.9281	-0.23841
411	58	-7.7194	-0.97351
411	62	-2.1799	-0.42715
412	54	-5.7554	-0.29801
412	56	-5.9353	-0.23841
412	58	-7.7338	-0.96358
412	62	-2.0647	-0.44702
413	54	-5.7554	-0.29801
413	56	-5.9353	-0.23841
413	58	-7.7482	-0.96358
413	62	-1.9353	-0.47682
414	54	-5.7698	-0.29801
414	56	-5.9496	-0.23841
414	58	-7.7626	-0.96358
414	62	-1.8058	-0.53642
415	54	-5.7698	-0.29801
415	56	-5.9496	-0.22848
415	58	-7.777	-0.97351
415	62	-1.4604	-0.35762
416	54	-5.777	-0.29801
416	56	-5.9568	-0.22848
416	58	-7.7914	-0.98344
416	62	-1.2806	-0.37748
417	54	-5.7842	-0.30795
417	56	-5.964	-0.22848
417	58	-7.8058	-0.99338
417	62	-1.0863	-0.39735
418	54	-5.7914	-0.30795
418	56	-5.964	-0.23841
418	58	-7.8201	-1.0033
418	62	-0.79137	-0.41722
419	54	-5.7914	-0.31788
419	56	-5.9712	-0.24834
419	58	-7.8345	-1.0232
420	54	-5.7986	-0.32781
420	56	-5.964	-0.25828
420	58	-7.8489	-1.043
421	54	-5.8058	-0.33775
421	56	-5.964	-0.24834
421	58	-7.7482	-0.98344
422	54	-5.8058	-0.34768
422	56	-5.964	-0.24834
422	58	-7.7626	-0.99338
423	54	-5.8129	-0.34768
423	56	-5.964	-0.25828
423	58	-7.777	-1.0132
424	54	-5.8129	-0.35762
424	56	-5.964	-0.25828
424	58	-7.7914	-1.0232
425	54	-5.8201	-0.35762
425	56	-5.9712	-0.26821
425	58	-7.7986	-1.0331
426	54	-5.8201	-0.35762
426	56	-5.9712	-0.26821
426	58	-7.8129	-1.043
427	54	-5.8273	-0.35762
427	56	-5.9712	-0.26821
427	58	-7.8201	-1.043
428	54	-5.8345	-0.35762
428	56	-5.9784	-0.25828
428	58	-7.8345	-1.053
429	54	-5.8345	-0.35762
429	56	-5.9928	-0.26821
429	58	-7.8561	-1.053
430	54	-5.8417	-0.35762
430	56	-6	-0.25828
430	58	-7.8705	-1.053
431	54	-5.8489	-0.34768
431	56	-5.9856	-0.24834
431	58	-7.8921	-1.043
432	54	-5.8561	-0.34768
432	56	-5.9928	-0.24834
432	58	-7.9065	-1.043
433	54	-5.8633	-0.34768
433	56	-5.9928	-0.23841
433	58	-7.9209	-1.043
434	54	-5.8633	-0.34768
434	56	-6	-0.24834
434	58	-7.9353	-1.053
435	54	-5.8633	-0.34768
435	56	-6	-0.24834
435	58	-7.9712	-1.0132
436	54	-5.8705	-0.34768
436	56	-6	-0.24834
436	58	-7.9856	-1.0232
437	54	-5.8705	-0.34768
437	56	-6	-0.24834
437	58	-8	-1.0232
438	54	-5.8777	-0.34768
438	56	-6.0072	-0.24834
438	58	-8.0144	-1.0331
439	54	-5.8777	-0.35762
439	56	-6	-0.24834
439	58	-8.0288	-1.0331
440	54	-5.8849	-0.35762
440	56	-6	-0.25828
440	58	-8.036	-1.043
441	54	-5.8849	-0.36755
441	58	-8.0504	-1.053
442	54	-5.8849	-0.36755
442	58	-8.0576	-1.0629
443	54	-5.8849	-0.37748
443	58	-8.0719	-1.0728
444	54	-5.8777	-0.37748
444	58	-8.0791	-1.0828
445	54	-5.8849	-0.37748
445	58	-8.0863	-1.0927
446	54	-5.8849	-0.37748
446	58	-8.0935	-1.1821
447	54	-5.8849	-0.38742
447	58	-8.1079	-1.1921
448	54	-5.8849	-0.38742
448	58	-8.1223	-1.202
449	54	-5.8849	-0.38742
449	58	-8.1295	-1.2119
450	54	-5.8921	-0.39735
450	58	-8.1439	-1.2219
451	54	-5.8921	-0.39735
451	58	-8.1511	-1.2318
452	54	-5.8921	-0.40728
452	58	-8.1583	-1.2417
453	54	-5.8921	-0.40728
453	58	-8.1727	-1.2517
454	54	-5.8921	-0.41722
454	58	-8.1799	-1.2715
455	54	-5.8921	-0.42715
455	58	-8.1871	-1.2715
456	54	-5.8921	-0.42715
456	58	-8.1942	-1.2815
457	54	-5.8921	-0.42715
457	58	-8.2086	-1.2914
458	54	-5.8921	-0.43709
458	58	-8.2158	-1.3013
459	54	-5.8921	-0.43709
459	58	-8.223	-1.3113
460	54	-5.8921	-0.43709
460	58	-8.2302	-1.3212
461	54	-5.8921	-0.43709
461	58	-8.2878	-1.3311
462	54	-5.8921	-0.44702
462	58	-8.3022	-1.3411
463	54	-5.8921	-0.43709
463	58	-8.3094	-1.3411
463	72	-9.5827	-1.0331
464	54	-5.8993	-0.44702
464	58	-8.3237	-1.351
464	72	-9.6978	-1.0728
465	54	-5.8993	-0.43709
465	58	-8.3381	-1.351
466	54	-5.8993	-0.44702
466	58	-8.3453	-1.351
467	54	-5.8993	-0.44702
467	58	-8.3525	-1.3609
468	54	-5.8993	-0.44702
468	58	-8.3669	-1.3609
469	54	-5.9065	-0.44702
469	58	-8.3813	-1.3709
470	54	-5.9065	-0.45695
470	58	-8.3885	-1.3808
471	54	-5.8993	-0.45695
471	58	-8.3957	-1.3907
472	54	-5.8993	-0.46689
472	58	-8.4029	-1.3907
473	54	-5.8993	-0.46689
473	58	-8.4101	-1.4007
474	54	-5.8993	-0.46689
474	58	-8.4245	-1.4007
474	77	-6.5252	-0.56623
475	54	-5.8993	-0.47682
475	58	-8.4388	-1.4007
475	77	-6.5324	-0.56623
476	54	-5.9065	-0.46689
476	58	-8.4532	-1.4106
476	77	-6.5324	-0.56623
477	54	-5.9065	-0.46689
477	58	-8.4676	-1.4106
477	77	-6.5396	-0.56623
478	54	-5.9065	-0.46689
478	58	-8.482	-1.4106
478	77	-6.5468	-0.56623
479	54	-5.9137	-0.45695
479	58	-8.5036	-1.4106
479	77	-6.5468	-0.56623
480	54	-5.9568	-0.46689
480	58	-8.518	-1.4106
480	77	-6.5612	-0.56623
481	54	-5.9568	-0.46689
481	58	-8.5324	-1.4205
481	77	-6.5612	-0.56623
482	54	-5.9568	-0.45695
482	58	-8.554	-1.4205
482	77	-6.5683	-0.56623
483	54	-5.9568	-0.45695
483	58	-8.5683	-1.4305
483	77	-6.5683	-0.56623
484	54	-5.964	-0.45695
484	58	-8.5899	-1.4305
484	77	-6.5755	-0.55629
485	54	-5.964	-0.44702
485	58	-8.6043	-1.4305
485	77	-6.5755	-0.55629
486	54	-5.964	-0.44702
486	58	-8.6187	-1.4305
486	77	-6.5827	-0.55629
487	54	-5.964	-0.44702
487	58	-8.6403	-1.4404
487	77	-6.5899	-0.55629
488	54	-5.9712	-0.44702
488	58	-8.6475	-1.4305
488	77	-6.5899	-0.55629
489	54	-5.9712	-0.44702
489	58	-8.6691	-1.4305
489	77	-6.5971	-0.55629
490	54	-5.964	-0.44702
490	58	-8.6835	-1.4404
490	77	-6.5971	-0.55629
491	54	-5.964	-0.44702
491	58	-8.6978	-1.4503
492	54	-5.964	-0.44702
492	58	-8.7122	-1.4404
493	54	-5.9712	-0.43709
493	58	-8.7266	-1.4503
494	54	-5.9712	-0.43709
494	58	-8.741	-1.4503
495	54	-5.964	-0.44702
495	58	-8.7482	-1.4603
496	54	-5.964	-0.44702
496	58	-8.7626	-1.4603
497	54	-5.964	-0.44702
497	58	-8.7698	-1.4702
498	54	-5.964	-0.44702
498	58	-8.7842	-1.4702
498	77	-6.6187	-0.56623
499	54	-5.9568	-0.44702
499	58	-8.7986	-1.4702
499	77	-6.6259	-0.56623
500	54	-5.9568	-0.44702
500	58	-9.0072	-1.4801
500	77	-6.6259	-0.57616
501	54	-5.9568	-0.44702
501	58	-9.0288	-1.4901
501	77	-6.6331	-0.57616
502	54	-5.9568	-0.44702
502	58	-9.0576	-1.5
502	77	-6.6331	-0.57616
503	54	-5.9568	-0.44702
503	58	-9.0719	-1.5199
503	77	-6.6331	-0.57616
504	54	-5.9568	-0.44702
504	58	-9.0863	-1.5199
504	77	-6.6403	-0.57616
505	54	-5.9496	-0.44702
505	58	-9.0935	-1.5298
505	77	-6.6403	-0.58609
506	54	-5.9496	-0.45695
506	58	-9.1079	-1.5397
507	54	-5.9496	-0.45695
507	58	-9.1223	-1.5397
508	54	-5.9424	-0.45695
508	58	-9.1367	-1.5596
509	54	-5.9424	-0.46689
509	58	-9.1439	-1.5596
510	54	-5.9424	-0.46689
510	58	-9.1583	-1.5695
511	54	-5.9424	-0.46689
511	58	-9.1727	-1.5695
512	54	-5.9353	-0.46689
512	58	-9.1871	-1.5795
513	54	-5.9424	-0.46689
513	58	-9.1942	-1.5795
514	54	-5.9353	-0.45695
514	58	-9.2158	-1.5894
515	54	-5.9353	-0.45695
515	58	-9.2302	-1.5993
516	54	-5.9353	-0.45695
516	58	-9.2446	-1.5993
517	54	-5.9353	-0.45695
517	58	-9.259	-1.6093
518	54	-5.9353	-0.45695
518	58	-9.2662	-1.6093
519	54	-5.9281	-0.45695
519	58	-9.2806	-1.6192
519	77	-6.6763	-0.62583
520	54	-5.9281	-0.45695
520	58	-9.295	-1.6192
520	77	-6.6835	-0.62583
521	54	-5.9281	-0.45695
521	58	-9.3022	-1.6291
521	77	-6.6835	-0.63576
522	54	-5.9281	-0.45695
522	58	-9.3094	-1.6192
522	77	-6.6906	-0.63576
523	54	-5.9209	-0.45695
523	58	-9.3237	-1.6192
523	77	-6.6906	-0.63576
524	54	-5.9209	-0.45695
524	58	-9.3381	-1.6291
524	77	-6.6906	-0.63576
525	54	-5.9209	-0.44702
525	58	-9.3453	-1.6192
525	77	-6.6978	-0.63576
526	54	-5.9137	-0.44702
526	58	-9.3597	-1.6192
526	77	-6.705	-0.63576
527	54	-5.9137	-0.44702
527	58	-9.3669	-1.9073
527	77	-6.705	-0.63576
528	54	-5.9137	-0.44702
528	58	-9.3885	-1.9172
528	77	-6.7122	-0.63576
529	54	-5.9137	-0.43709
529	58	-9.4029	-1.9172
529	77	-6.7122	-0.63576
530	54	-5.9137	-0.42715
530	58	-9.4173	-1.9172
530	77	-6.7194	-0.63576
531	54	-5.9137	-0.42715
531	58	-9.4245	-1.9172
531	77	-6.7266	-0.62583
532	54	-5.9065	-0.41722
532	58	-9.4388	-1.9272
532	77	-6.7266	-0.63576
533	54	-5.9065	-0.41722
533	58	-9.446	-1.9272
534	54	-5.9065	-0.41722
534	58	-9.4604	-1.9272
535	54	-5.8993	-0.40728
535	58	-9.4676	-1.9272
536	54	-5.8993	-0.40728
536	58	-9.4892	-1.9272
537	54	-5.8993	-0.39735
537	58	-9.4892	-1.9172
537	76	-6.7482	-0.63576
538	54	-5.8993	-0.39735
538	58	-9.5036	-1.9172
538	76	-6.7554	-0.63576
539	54	-5.8921	-0.39735
539	58	-9.518	-1.9172
539	76	-6.7626	-0.63576
540	54	-5.8921	-0.39735
540	58	-9.5252	-1.9073
540	76	-6.7626	-0.63576
541	54	-5.8921	-0.38742
541	58	-9.5252	-1.8775
541	76	-6.7698	-0.63576
542	54	-5.8849	-0.38742
542	58	-9.5324	-1.8675
542	76	-6.7698	-0.6457
543	54	-5.8849	-0.38742
543	58	-9.5252	-1.8377
543	76	-6.777	-0.6457
544	54	-5.8849	-0.38742
544	58	-9.5324	-1.8278
544	76	-6.7842	-0.65563
545	54	-5.8777	-0.38742
545	58	-9.5396	-1.8278
545	76	-6.7842	-0.65563
546	54	-5.8777	-0.38742
546	58	-9.5468	-1.8278
546	76	-6.7914	-0.66556
547	54	-5.8705	-0.38742
547	58	-9.5396	-1.8179
547	76	-6.7914	-0.66556
548	54	-5.8705	-0.38742
548	58	-9.5468	-1.8278
548	76	-6.7986	-0.66556
549	54	-5.8705	-0.37748
549	58	-9.5612	-1.8377
549	76	-6.8058	-0.6755
550	54	-5.8705	-0.37748
550	58	-9.5755	-1.8576
550	76	-6.8129	-0.6755
551	54	-5.8705	-0.36755
551	58	-9.5755	-2.0364
551	76	-6.8201	-0.6755
552	54	-5.8633	-0.36755
552	58	-9.4101	-2.0563
552	76	-6.8273	-0.6755
553	54	-5.8633	-0.36755
553	58	-9.4317	-2.0662
553	76	-6.8345	-0.68543
554	54	-5.8633	-0.35762
554	58	-9.446	-2.0662
554	76	-6.8417	-0.68543
555	54	-5.8633	-0.35762
555	58	-9.4604	-2.0662
555	76	-6.8489	-0.68543
556	54	-5.8633	-0.34768
556	58	-9.4388	-2.0265
556	76	-6.8633	-0.6755
557	54	-5.8633	-0.34768
557	58	-9.4245	-1.9868
557	76	-6.8705	-0.68543
558	54	-5.8633	-0.33775
558	58	-9.4245	-1.957
558	76	-6.8777	-0.68543
559	54	-5.8633	-0.33775
559	58	-9.4245	-1.9371
559	76	-6.8849	-0.68543
560	54	-5.8633	-0.33775
560	58	-9.4317	-1.9172
561	54	-5.8633	-0.33775
561	58	-9.4317	-1.9073
562	54	-5.8633	-0.33775
562	58	-9.4317	-1.8874
562	77	-6.9137	-0.69536
563	54	-5.8561	-0.33775
563	58	-9.4245	-1.8775
563	77	-6.9209	-0.69536
564	54	-5.8561	-0.33775
564	58	-9.4317	-1.8576
564	77	-6.9281	-0.7053
565	54	-5.8561	-0.33775
565	58	-9.4245	-1.8477
565	77	-6.9353	-0.7053
566	54	-5.8561	-0.32781
566	58	-9.4245	-1.8377
566	77	-6.9496	-0.71523
567	54	-5.8561	-0.32781
567	58	-9.4317	-1.8278
567	77	-6.964	-0.71523
568	54	-5.8561	-0.32781
568	58	-9.4317	-1.8278
568	77	-6.9712	-0.71523
569	54	-5.8561	-0.31788
569	58	-9.4317	-1.8079
569	77	-6.9856	-0.71523
570	54	-5.8561	-0.31788
570	58	-9.4317	-1.8079
570	77	-6.9928	-0.71523
571	54	-5.8561	-0.31788
571	58	-9.4245	-1.798
571	77	-7	-0.72517
572	54	-5.8561	-0.31788
572	58	-9.4245	-2.3841
572	77	-7.0144	-0.72517
573	54	-5.8561	-0.30795
573	58	-9.3885	-2.3841
573	77	-7.0288	-0.72517
574	54	-5.8561	-0.30795
574	58	-9.3957	-2.394
574	77	-7.036	-0.72517
575	54	-5.8561	-0.29801
575	58	-9.4101	-2.394
575	77	-7.0504	-0.72517
576	54	-5.8561	-0.29801
576	58	-9.4173	-2.394
576	77	-7.0647	-0.72517
577	54	-5.8561	-0.28808
577	58	-9.4173	-2.3543
577	77	-7.0791	-0.72517
578	54	-5.8633	-0.29801
578	58	-9.4245	-2.3444
578	77	-7.0935	-0.7351
579	54	-5.8633	-0.28808
579	58	-9.4317	-2.3444
579	77	-7.1079	-0.7351
580	54	-5.8633	-0.28808
580	58	-9.4388	-2.3444
580	77	-7.1223	-0.74503
581	54	-5.8633	-0.29801
581	58	-9.4892	-2.3642
581	77	-7.1367	-0.75497
582	54	-5.8633	-0.29801
582	58	-9.5324	-2.3841
582	77	-7.1511	-0.75497
583	54	-5.8633	-0.29801
583	58	-9.5755	-2.7119
583	77	-7.1655	-0.7649
584	54	-5.8633	-0.29801
584	58	-9.4388	-2.7517
584	77	-7.1799	-0.77483
585	54	-5.8633	-0.29801
585	58	-9.4676	-2.7616
585	77	-7.1942	-0.77483
586	54	-5.8633	-0.29801
586	58	-9.518	-2.7914
586	77	-7.2086	-0.78477
587	54	-5.8633	-0.29801
587	58	-9.5683	-2.8212
587	77	-7.223	-0.78477
588	54	-5.8633	-0.29801
588	58	-9.6187	-2.851
588	77	-7.2374	-0.7947
589	54	-5.8633	-0.28808
589	58	-9.6835	-2.8808
589	77	-7.259	-0.7947
590	54	-5.8633	-0.28808
590	58	-9.7698	-2.9404
590	77	-7.2734	-0.80464
591	54	-5.8633	-0.28808
591	58	-9.8345	-2.9702
591	77	-7.2878	-0.80464
592	54	-5.8705	-0.28808
592	58	-9.8993	-3.0099
592	77	-7.3094	-0.81457
593	54	-5.8705	-0.28808
593	58	-9.964	-3.0397
593	77	-7.3237	-0.81457
594	54	-5.8705	-0.27815
594	58	-10.036	-3.0795
594	77	-7.3453	-0.81457
595	54	-5.8705	-0.27815
595	58	-10.108	-3.1192
595	77	-7.3597	-0.8245
596	54	-5.8705	-0.27815
596	58	-10.18	-3.1689
596	77	-7.3813	-0.8245
597	54	-5.8705	-0.27815
597	58	-10.259	-3.2086
597	77	-7.3957	-0.83444
598	54	-5.8705	-0.26821
598	58	-10.345	-3.2483
598	77	-7.4173	-0.83444
599	54	-5.8705	-0.26821
599	58	-10.424	-3.298
599	77	-7.4388	-0.84437
600	54	-5.8705	-0.26821
600	58	-10.504	-3.3477
600	77	-7.4604	-0.8543
601	54	-5.8705	-0.26821
601	58	-10.583	-3.3974
601	77	-7.482	-0.86424
602	54	-5.8777	-0.26821
602	58	-10.662	-3.447
602	77	-7.5108	-0.87417
603	54	-5.8777	-0.26821
603	58	-10.763	-3.5066
603	77	-7.5252	-0.88411
604	54	-5.8777	-0.26821
604	58	-10.827	-3.5464
604	77	-7.5468	-0.89404
605	54	-5.8777	-0.25828
605	58	-10.871	-3.5762
605	77	-7.5683	-0.89404
606	54	-5.8777	-0.25828
606	77	-7.5899	-0.90397
607	54	-5.8777	-0.25828
607	77	-7.6187	-0.90397
608	54	-5.8777	-0.25828
608	77	-7.6403	-0.91391
609	54	-5.8777	-0.25828
609	77	-7.6691	-0.92384
610	54	-5.8777	-0.25828
610	77	-7.6906	-0.92384
611	54	-5.8777	-0.25828
611	77	-7.7122	-0.93377
612	54	-5.8777	-0.24834
612	77	-7.741	-0.94371
613	54	-5.8777	-0.24834
613	77	-7.7626	-0.94371
613	86	-6.9209	-0.61589
614	54	-5.8777	-0.24834
614	77	-7.7914	-0.95364
614	86	-6.9353	-0.62583
615	54	-5.8777	-0.24834
615	77	-7.8201	-0.96358
615	86	-6.9496	-0.62583
616	54	-5.8777	-0.24834
616	77	-7.8561	-0.98344
616	86	-6.964	-0.63576
617	54	-5.8777	-0.24834
617	77	-7.8777	-0.99338
617	86	-6.9784	-0.63576
618	54	-5.8777	-0.24834
618	77	-7.9065	-0.99338
618	86	-6.9928	-0.63576
619	54	-5.8777	-0.24834
619	77	-7.9424	-1.0132
619	86	-7.0072	-0.63576
620	54	-5.8777	-0.24834
620	77	-7.9712	-1.0232
620	86	-7.0216	-0.6457
621	54	-5.8777	-0.24834
621	77	-8.0072	-1.0331
621	86	-7.0288	-0.6457
622	54	-5.8777	-0.24834
622	77	-8.036	-1.043
622	86	-7.0432	-0.6457
623	54	-5.8777	-0.24834
623	77	-8.0719	-1.0629
623	86	-7.0504	-0.65563
624	54	-5.8777	-0.23841
624	77	-8.1223	-1.0828
624	86	-7.0719	-0.65563
625	54	-5.8777	-0.24834
625	77	-8.1367	-1.0728
625	86	-7.0863	-0.66556
626	54	-5.8777	-0.23841
626	77	-8.2014	-1.1126
626	86	-7.1007	-0.6755
627	54	-5.8777	-0.24834
627	77	-8.1942	-1.1126
627	86	-7.1223	-0.68543
628	54	-5.8777	-0.23841
628	77	-8.2302	-1.1325
628	86	-7.1367	-0.68543
629	54	-5.8777	-0.24834
629	77	-8.2734	-1.1424
629	86	-7.1295	-0.68543
630	54	-5.8777	-0.23841
630	77	-8.482	-1.1523
630	86	-7.1439	-0.68543
631	54	-5.8777	-0.23841
631	77	-8.5252	-1.1623
631	86	-7.1511	-0.6755
632	54	-5.8777	-0.23841
632	77	-8.5755	-1.1821
632	86	-7.1655	-0.68543
633	54	-5.8777	-0.23841
633	77	-8.6187	-1.202
633	86	-7.1655	-0.68543
634	54	-5.8777	-0.23841
634	77	-8.6906	-1.2318
634	86	-7.1799	-0.69536
635	54	-5.8777	-0.23841
635	77	-8.741	-1.2517
635	86	-7.1942	-0.69536
636	54	-5.8777	-0.23841
636	77	-8.7914	-1.2616
637	54	-5.8777	-0.23841
637	77	-8.8417	-1.2715
638	54	-5.8777	-0.23841
638	77	-8.9137	-1.3013
638	86	-7.2518	-0.71523
639	54	-5.8777	-0.22848
639	77	-9.0072	-1.351
639	86	-7.2734	-0.71523
640	54	-5.8777	-0.22848
640	77	-9.0719	-1.3709
640	86	-7.2878	-0.72517
641	54	-5.8777	-0.22848
641	77	-9.1367	-1.3907
641	86	-7.3094	-0.7351
642	54	-5.8705	-0.22848
642	77	-9.223	-1.4305
642	86	-7.3309	-0.74503
643	54	-5.8705	-0.22848
643	77	-9.3165	-1.4702
643	86	-7.4532	-0.81457
644	54	-5.8705	-0.22848
644	77	-9.3885	-1.4901
644	86	-7.4748	-0.8245
645	54	-5.8705	-0.22848
645	77	-9.4676	-1.5099
646	54	-5.8705	-0.22848
646	77	-9.5899	-1.5795
647	54	-5.8705	-0.22848
647	77	-9.6763	-1.6093
648	54	-5.8705	-0.22848
648	77	-9.7626	-1.649
649	54	-5.8705	-0.22848
649	77	-9.8489	-1.6887
650	54	-5.8705	-0.22848
650	77	-9.9424	-1.7285
651	54	-5.8633	-0.22848
651	77	-10.043	-1.7781
652	54	-5.8633	-0.22848
652	77	-10.144	-1.8179
652	85	-7.7338	-0.90397
653	54	-5.8633	-0.22848
653	77	-10.266	-1.8775
653	85	-7.7698	-0.92384
654	54	-5.8633	-0.22848
654	77	-10.396	-1.947
654	85	-7.8129	-0.94371
655	54	-5.8633	-0.22848
655	77	-10.518	-1.9967
656	54	-5.8633	-0.22848
656	77	-10.633	-2.0563
657	54	-5.8633	-0.22848
657	77	-10.77	-2.1258
657	86	-7.9424	-0.99338
658	54	-5.8561	-0.21854
658	77	-10.906	-2.1954
658	86	-7.9856	-0.99338
659	54	-5.8633	-0.21854
659	77	-11.043	-2.2649
659	86	-8.0288	-1.0132
660	54	-5.8633	-0.21854
660	77	-11.187	-2.3344
660	86	-8.0719	-1.0232
661	54	-5.8633	-0.20861
661	77	-11.331	-2.404
661	86	-8.1223	-1.0331
662	54	-5.8633	-0.20861
662	77	-11.482	-2.4834
662	86	-8.1655	-1.043
663	54	-5.8633	-0.20861
663	77	-11.633	-2.5629
663	86	-8.2158	-1.053
664	54	-5.8633	-0.20861
664	77	-11.791	-1.1623
664	86	-8.2518	-1.053
665	54	-5.8561	-0.20861
665	77	-9.4748	-1.1921
665	86	-8.2878	-1.053
666	54	-5.8561	-0.20861
666	77	-9.5827	-1.2417
666	86	-8.5827	-0.90397
667	54	-5.8561	-0.21854
667	77	-9.6978	-1.2914
667	86	-8.6619	-0.91391
668	54	-5.8561	-0.21854
668	77	-9.8058	-1.3311
668	86	-8.741	-0.93377
669	54	-5.8561	-0.21854
669	77	-9.9209	-1.3808
669	86	-8.8345	-0.96358
670	54	-5.8561	-0.21854
670	86	-8.9353	-0.99338
671	54	-5.8561	-0.21854
671	86	-9.0432	-1.043
672	54	-5.8489	-0.22848
672	86	-9.1655	-1.0927
673	54	-5.8489	-0.22848
673	86	-9.2878	-1.1623
674	54	-5.8489	-0.22848
674	86	-9.4317	-1.2318
675	54	-5.8417	-0.23841
675	86	-9.5755	-1.2914
676	54	-5.8417	-0.22848
676	86	-9.7266	-1.3411
677	54	-5.8417	-0.23841
678	54	-5.8345	-0.23841
679	54	-5.8345	-0.23841
680	54	-5.8345	-0.23841
681	54	-5.8345	-0.23841
682	54	-5.8273	-0.24834
683	54	-5.8273	-0.24834
684	54	-5.8201	-0.25828
685	54	-5.8201	-0.25828
686	54	-5.8129	-0.26821
687	54	-5.8129	-0.26821
687	99	-6.4173	-0.049669
688	54	-5.8129	-0.27815
688	99	-6.4173	-0.049669
689	54	-5.8058	-0.27815
689	99	-6.4173	-0.059603
690	54	-5.8058	-0.27815
690	99	-6.4173	-0.059603
691	54	-5.7986	-0.28808
691	99	-6.4101	-0.069536
692	54	-5.7986	-0.28808
692	99	-6.4101	-0.069536
693	54	-5.7914	-0.28808
693	99	-6.4101	-0.069536
693	101	-6.1799	-0.15894
694	54	-5.7914	-0.28808
694	99	-6.4101	-0.069536
694	101	-6.1799	-0.15894
695	54	-5.7914	-0.28808
695	99	-6.4173	-0.069536
695	101	-6.1799	-0.15894
696	54	-5.7914	-0.27815
696	99	-6.4173	-0.069536
696	101	-6.1799	-0.15894
697	54	-5.7842	-0.28808
697	99	-6.4173	-0.07947
697	101	-6.1799	-0.15894
698	54	-5.7842	-0.28808
698	99	-6.4173	-0.089404
698	101	-6.1799	-0.16887
699	54	-5.777	-0.28808
699	99	-6.4173	-0.089404
699	101	-6.1799	-0.17881
700	54	-5.777	-0.30795
700	99	-6.4173	-0.10927
700	101	-6.1799	-0.17881
701	54	-5.7698	-0.29801
701	99	-6.4101	-0.10927
701	101	-6.1799	-0.18874
702	54	-5.7698	-0.30795
702	99	-6.4173	-0.10927
702	101	-6.1799	-0.18874
703	54	-5.7626	-0.30795
703	99	-6.4173	-0.11921
703	101	-6.1799	-0.19868
704	54	-5.7626	-0.30795
704	99	-6.4173	-0.11921
704	101	-6.1799	-0.19868
705	54	-5.7626	-0.30795
705	99	-6.4173	-0.11921
705	101	-6.1799	-0.19868
706	54	-5.7626	-0.30795
706	99	-6.4173	-0.11921
706	101	-6.1799	-0.19868
707	54	-5.7554	-0.30795
707	99	-6.4173	-0.11921
707	101	-6.1799	-0.20861
708	54	-5.7554	-0.31788
708	99	-6.4173	-0.12914
708	101	-6.1799	-0.20861
709	54	-5.7482	-0.30795
709	99	-6.4245	-0.12914
709	101	-6.1799	-0.20861
710	54	-5.7482	-0.30795
710	99	-6.4245	-0.12914
710	101	-6.1799	-0.20861
711	54	-5.7482	-0.30795
711	99	-6.4245	-0.12914
711	101	-6.1871	-0.20861
712	54	-5.7482	-0.29801
712	99	-6.4317	-0.11921
712	101	-6.1871	-0.20861
713	54	-5.741	-0.28808
713	99	-6.4317	-0.11921
713	101	-6.1871	-0.20861
714	54	-5.741	-0.28808
714	99	-6.4388	-0.11921
714	101	-6.1942	-0.20861
715	54	-5.741	-0.28808
715	99	-6.4388	-0.11921
715	101	-6.1942	-0.19868
716	54	-5.7338	-0.28808
716	99	-6.4388	-0.11921
716	101	-6.1942	-0.20861
717	54	-5.7338	-0.28808
717	99	-6.446	-0.12914
717	101	-6.1942	-0.20861
718	54	-5.7266	-0.28808
718	99	-6.446	-0.12914
718	101	-6.1942	-0.21854
719	54	-5.7266	-0.28808
719	99	-6.446	-0.13907
720	54	-5.7194	-0.29801
720	99	-6.4532	-0.13907
721	54	-5.7194	-0.29801
721	99	-6.4532	-0.13907
721	101	-6.2014	-0.22848
722	54	-5.7194	-0.29801
722	99	-6.4532	-0.13907
722	101	-6.2014	-0.22848
723	54	-5.7194	-0.29801
723	99	-6.4532	-0.14901
723	101	-6.2014	-0.23841
724	54	-5.7122	-0.29801
724	99	-6.4532	-0.13907
724	101	-6.2014	-0.23841
725	54	-5.7122	-0.29801
725	99	-6.4604	-0.14901
725	101	-6.2014	-0.23841
726	54	-5.705	-0.29801
726	99	-6.4532	-0.14901
726	101	-6.2014	-0.24834
727	54	-5.705	-0.29801
727	99	-6.4532	-0.14901
727	101	-6.2086	-0.24834
728	54	-5.705	-0.29801
728	99	-6.4676	-0.14901
728	101	-6.2086	-0.24834
729	54	-5.705	-0.29801
729	99	-6.4748	-0.14901
729	101	-6.2086	-0.24834
730	54	-5.6978	-0.29801
730	99	-6.4748	-0.14901
730	101	-6.2158	-0.24834
731	54	-5.6978	-0.29801
731	99	-6.4748	-0.15894
731	101	-6.2158	-0.24834
732	54	-5.6906	-0.29801
732	99	-6.4748	-0.15894
732	101	-6.2158	-0.25828
733	54	-5.6906	-0.29801
733	99	-6.4748	-0.15894
733	101	-6.2158	-0.25828
734	54	-5.6906	-0.29801
734	99	-6.482	-0.15894
734	101	-6.2158	-0.25828
735	54	-5.6835	-0.29801
735	99	-6.482	-0.15894
735	101	-6.223	-0.25828
736	54	-5.6835	-0.29801
736	99	-6.4892	-0.15894
736	101	-6.223	-0.25828
737	54	-5.6763	-0.28808
737	99	-6.4892	-0.15894
737	101	-6.223	-0.26821
738	54	-5.6763	-0.28808
738	99	-6.4892	-0.15894
738	101	-6.223	-0.26821
739	54	-5.6763	-0.28808
739	99	-6.4892	-0.15894
739	101	-6.223	-0.26821
740	54	-5.6691	-0.28808
740	99	-6.4964	-0.15894
740	101	-6.2302	-0.26821
741	54	-5.6691	-0.28808
741	99	-6.4964	-0.15894
741	101	-6.2302	-0.26821
742	54	-5.6691	-0.27815
742	99	-6.4964	-0.15894
742	101	-6.2302	-0.26821
743	54	-5.6619	-0.27815
743	99	-6.4964	-0.15894
743	101	-6.2374	-0.26821
744	54	-5.6619	-0.27815
744	99	-6.5036	-0.15894
744	101	-6.2374	-0.26821
745	54	-5.6619	-0.27815
745	99	-6.5036	-0.15894
745	101	-6.2374	-0.26821
746	54	-5.6547	-0.26821
746	99	-6.5036	-0.15894
746	101	-6.2374	-0.26821
747	54	-5.6547	-0.26821
747	99	-6.5108	-0.14901
747	101	-6.2446	-0.26821
748	54	-5.6547	-0.25828
748	99	-6.5108	-0.14901
748	101	-6.2518	-0.26821
749	54	-5.6547	-0.25828
749	99	-6.5108	-0.14901
749	101	-6.2518	-0.26821
750	54	-5.6547	-0.25828
750	99	-6.518	-0.15894
750	101	-6.2518	-0.26821
751	54	-5.6475	-0.25828
751	99	-6.5252	-0.15894
751	101	-6.259	-0.26821
752	54	-5.6475	-0.26821
752	99	-6.518	-0.15894
752	101	-6.259	-0.26821
753	54	-5.6475	-0.26821
753	99	-6.5252	-0.15894
753	101	-6.259	-0.27815
754	54	-5.6475	-0.26821
754	99	-6.5252	-0.15894
754	101	-6.2662	-0.27815
755	54	-5.6475	-0.25828
755	99	-6.5324	-0.15894
755	101	-6.2662	-0.27815
756	54	-5.6403	-0.25828
756	99	-6.5324	-0.15894
756	101	-6.2734	-0.27815
757	54	-5.6403	-0.25828
757	99	-6.5396	-0.15894
757	101	-6.2734	-0.27815
758	54	-5.6403	-0.25828
758	99	-6.5468	-0.14901
758	101	-6.2806	-0.27815
759	54	-5.6403	-0.24834
759	99	-6.5468	-0.15894
759	101	-6.2878	-0.27815
760	54	-5.6475	-0.24834
760	99	-6.554	-0.14901
760	101	-6.295	-0.26821
761	54	-5.6475	-0.23841
761	99	-6.5612	-0.14901
761	101	-6.3022	-0.26821
762	54	-5.6475	-0.23841
762	99	-6.5683	-0.14901
762	101	-6.3022	-0.26821
763	54	-5.6475	-0.23841
763	99	-6.5755	-0.13907
763	101	-6.3094	-0.26821
764	54	-5.6475	-0.23841
764	99	-6.5755	-0.13907
764	101	-6.3165	-0.26821
765	54	-5.6475	-0.23841
765	99	-6.5827	-0.14901
765	101	-6.3165	-0.26821
766	54	-5.6403	-0.23841
766	99	-6.5827	-0.14901
766	101	-6.3237	-0.27815
767	54	-5.6403	-0.24834
767	99	-6.5827	-0.15894
767	101	-6.3237	-0.28808
768	54	-5.6403	-0.24834
768	99	-6.5899	-0.15894
768	101	-6.3309	-0.28808
769	54	-5.6403	-0.24834
769	99	-6.5899	-0.15894
769	101	-6.3309	-0.28808
770	54	-5.6403	-0.24834
770	99	-6.5971	-0.15894
770	101	-6.3381	-0.28808
771	54	-5.6403	-0.24834
771	99	-6.6043	-0.15894
771	101	-6.3453	-0.29801
772	54	-5.6403	-0.24834
772	99	-6.6115	-0.15894
772	101	-6.3525	-0.29801
773	54	-5.6403	-0.24834
773	99	-6.6115	-0.14901
773	101	-6.3525	-0.29801
774	54	-5.6403	-0.24834
774	99	-6.6115	-0.14901
774	101	-6.3597	-0.29801
775	54	-5.6403	-0.24834
775	99	-6.6187	-0.14901
775	101	-6.3669	-0.30795
776	54	-5.6403	-0.24834
776	99	-6.6259	-0.14901
776	101	-6.3741	-0.29801
777	54	-5.6403	-0.24834
777	99	-6.6331	-0.14901
777	101	-6.3813	-0.30795
778	54	-5.6475	-0.23841
778	99	-6.6403	-0.14901
778	101	-6.3885	-0.30795
779	54	-5.6475	-0.23841
779	99	-6.6475	-0.13907
779	101	-6.3957	-0.30795
779	119	-5.8633	-0.11921
780	54	-5.6475	-0.23841
780	99	-6.6547	-0.13907
780	101	-6.4029	-0.30795
780	119	-5.8633	-0.11921
781	54	-5.6475	-0.24834
781	101	-6.4101	-0.30795
781	119	-5.8633	-0.11921
782	54	-5.6547	-0.23841
782	101	-6.4173	-0.30795
782	119	-5.8705	-0.11921
783	54	-5.6547	-0.23841
783	101	-6.4245	-0.30795
783	119	-5.8705	-0.11921
784	54	-5.6547	-0.23841
784	101	-6.4388	-0.30795
784	119	-5.8705	-0.10927
785	54	-5.6619	-0.23841
785	101	-6.446	-0.31788
785	119	-5.8777	-0.11921
786	54	-5.6619	-0.23841
786	101	-6.5755	-0.31788
786	119	-5.8777	-0.10927
787	54	-5.6619	-0.24834
787	101	-6.5827	-0.32781
787	119	-5.8777	-0.11921
788	54	-5.6619	-0.24834
788	101	-6.5899	-0.32781
788	119	-5.8849	-0.11921
789	54	-5.6619	-0.24834
789	101	-6.5971	-0.33775
790	54	-5.6619	-0.24834
790	101	-6.6043	-0.33775
791	54	-5.6691	-0.25828
791	101	-6.6187	-0.33775
792	54	-5.6691	-0.25828
792	101	-6.6331	-0.34768
793	54	-5.6763	-0.25828
793	101	-6.6331	-0.34768
794	54	-5.6763	-0.25828
794	101	-6.6475	-0.35762
795	54	-5.6763	-0.26821
795	101	-6.6619	-0.35762
796	54	-5.6763	-0.26821
796	101	-6.6691	-0.36755
797	54	-5.6763	-0.26821
797	101	-6.6835	-0.36755
798	54	-5.6835	-0.27815
798	101	-6.6906	-0.37748
799	54	-5.6835	-0.27815
799	101	-6.705	-0.37748
800	54	-5.6906	-0.27815
800	101	-6.7122	-0.38742
801	54	-5.6906	-0.27815
801	101	-6.7266	-0.38742
802	54	-5.6906	-0.27815
802	101	-6.7338	-0.38742
803	54	-5.6906	-0.28808
803	101	-6.7482	-0.39735
804	54	-5.6978	-0.28808
804	101	-6.7626	-0.39735
805	54	-5.6978	-0.29801
805	101	-6.7698	-0.40728
806	54	-5.705	-0.29801
806	101	-6.7842	-0.40728
806	119	-5.8561	-0.15894
807	54	-5.705	-0.29801
807	101	-6.8058	-0.42715
807	119	-5.8417	-0.13907
808	54	-5.705	-0.30795
808	101	-6.8201	-0.43709
808	119	-5.9281	-0.16887
809	54	-5.7122	-0.31788
809	101	-6.8345	-0.43709
809	119	-5.9281	-0.16887
810	54	-5.7122	-0.32781
810	101	-6.8417	-0.44702
810	119	-5.9353	-0.17881
811	54	-5.7122	-0.32781
811	101	-6.8561	-0.45695
811	119	-5.9353	-0.18874
812	54	-5.7122	-0.32781
812	101	-6.8633	-0.45695
812	119	-5.9353	-0.18874
813	54	-5.7194	-0.33775
813	101	-6.8777	-0.46689
813	119	-5.9353	-0.18874
814	54	-5.7194	-0.33775
814	101	-6.8849	-0.47682
814	119	-5.9353	-0.18874
815	54	-5.7194	-0.34768
815	101	-6.9065	-0.49669
815	119	-5.9424	-0.19868
816	54	-5.7266	-0.34768
816	101	-6.9281	-0.49669
816	119	-5.9424	-0.19868
817	54	-5.7266	-0.35762
817	101	-6.9424	-0.50662
817	119	-5.9424	-0.20861
818	54	-5.7266	-0.36755
818	101	-6.964	-0.51656
818	119	-5.9424	-0.21854
819	54	-5.7266	-0.36755
819	101	-6.9712	-0.52649
819	119	-5.9496	-0.21854
820	54	-5.7266	-0.37748
820	101	-6.9856	-0.53642
820	119	-5.9496	-0.21854
821	54	-5.7338	-0.37748
821	101	-7	-0.54636
821	119	-5.9496	-0.22848
822	54	-5.7338	-0.38742
822	101	-7.0216	-0.55629
822	119	-5.9496	-0.22848
823	54	-5.7338	-0.38742
823	101	-7.036	-0.55629
823	119	-5.9496	-0.23841
824	54	-5.741	-0.39735
824	101	-7.0647	-0.57616
824	119	-5.9568	-0.23841
825	54	-5.741	-0.39735
825	101	-7.0791	-0.57616
825	119	-5.9568	-0.24834
826	54	-5.741	-0.40728
826	101	-7.0935	-0.59603
826	119	-5.9568	-0.25828
827	54	-5.741	-0.41722
827	101	-7.1151	-0.60596
827	119	-5.964	-0.25828
828	54	-5.741	-0.41722
828	101	-7.1295	-0.61589
828	119	-5.9568	-0.26821
829	54	-5.741	-0.42715
829	101	-7.1511	-0.62583
829	119	-5.964	-0.27815
830	54	-5.7482	-0.43709
830	101	-7.1655	-0.62583
830	119	-5.964	-0.27815
831	54	-5.7482	-0.43709
831	101	-7.1942	-0.63576
831	119	-5.9712	-0.28808
832	54	-5.7554	-0.44702
832	101	-7.223	-0.65563
832	119	-5.9712	-0.28808
833	54	-5.7554	-0.44702
833	101	-7.2446	-0.66556
833	119	-5.9712	-0.28808
834	54	-5.7554	-0.45695
834	101	-7.2662	-0.6755
834	119	-5.9784	-0.29801
835	54	-5.7554	-0.46689
835	101	-7.2878	-0.68543
835	119	-5.9784	-0.30795
836	54	-5.7626	-0.46689
836	101	-7.3094	-0.69536
836	119	-5.9784	-0.30795
837	54	-5.7626	-0.47682
837	101	-7.3309	-0.7053
837	119	-5.9784	-0.31788
838	54	-5.7626	-0.48675
838	101	-7.3669	-0.7351
838	119	-5.9856	-0.32781
839	54	-5.7698	-0.48675
839	101	-7.3885	-0.7351
839	119	-5.9856	-0.32781
840	54	-5.7698	-0.48675
840	101	-7.4173	-0.74503
840	119	-5.9856	-0.32781
841	54	-5.7698	-0.49669
841	101	-7.446	-0.75497
841	119	-5.9928	-0.32781
842	54	-5.777	-0.49669
842	101	-7.4676	-0.7649
842	119	-5.9928	-0.32781
843	54	-5.777	-0.49669
843	101	-7.4964	-0.77483
843	119	-5.9928	-0.33775
844	54	-5.777	-0.50662
844	101	-7.518	-0.78477
844	119	-6	-0.33775
845	54	-5.7842	-0.51656
845	101	-7.5396	-0.80464
845	119	-6	-0.34768
846	54	-5.7842	-0.51656
846	101	-7.554	-0.81457
846	119	-6.0072	-0.35762
847	54	-5.7842	-0.51656
847	101	-7.5755	-0.8245
847	119	-6.0144	-0.35762
848	54	-5.7842	-0.52649
848	101	-7.518	-0.87417
848	119	-6.0144	-0.36755
849	54	-5.7914	-0.53642
849	101	-7.446	-0.88411
849	119	-6.0144	-0.36755
850	54	-5.7914	-0.53642
850	101	-7.3813	-0.88411
850	119	-6.0144	-0.37748
851	54	-5.7914	-0.54636
851	101	-7.3165	-0.88411
851	119	-6.0144	-0.38742
852	54	-5.7914	-0.55629
852	101	-7.2734	-0.8543
852	119	-6.0144	-0.39735
853	54	-5.7914	-0.55629
853	101	-7.2086	-0.8543
853	119	-6.0216	-0.39735
854	54	-5.7986	-0.55629
854	101	-7.1583	-0.8543
854	119	-6.0216	-0.39735
855	54	-5.7986	-0.55629
855	101	-7.1151	-0.8543
855	119	-6.0216	-0.39735
856	54	-5.8058	-0.55629
856	101	-7.0647	-0.8543
856	119	-6.0288	-0.40728
857	54	-5.8058	-0.56623
857	101	-7.9496	-0.88411
857	119	-6.036	-0.40728
858	54	-5.8058	-0.56623
858	101	-7.9856	-0.89404
858	119	-6.036	-0.40728
859	54	-5.8058	-0.56623
859	101	-8.036	-0.90397
859	119	-6.036	-0.40728
860	54	-5.8129	-0.56623
860	101	-8.0791	-0.91391
860	119	-6.036	-0.41722
861	54	-5.8129	-0.57616
861	101	-8.1223	-0.92384
861	119	-6.0432	-0.41722
862	54	-5.8129	-0.57616
862	101	-8.1583	-0.93377
862	119	-6.0432	-0.41722
863	54	-5.8129	-0.58609
863	101	-8.2086	-0.94371
863	119	-6.0432	-0.42715
864	54	-5.8345	-0.54636
864	101	-8.2518	-0.95364
864	119	-6.0432	-0.42715
865	54	-5.8345	-0.54636
865	101	-8.3022	-0.97351
865	119	-6.0432	-0.43709
866	54	-5.8417	-0.55629
866	101	-8.3453	-0.98344
866	119	-6.0504	-0.43709
867	54	-5.8417	-0.55629
867	101	-8.3957	-1.0033
867	119	-6.0504	-0.44702
868	54	-5.8417	-0.55629
868	101	-8.4532	-1.0132
868	119	-6.0504	-0.44702
869	54	-5.8489	-0.55629
869	101	-8.5036	-1.0232
869	119	-6.0576	-0.44702
870	54	-5.8489	-0.56623
870	101	-8.5612	-1.043
870	119	-6.0576	-0.45695
871	54	-5.8489	-0.56623
871	101	-8.6115	-1.053
871	119	-6.0576	-0.45695
872	54	-5.8489	-0.57616
872	101	-8.6691	-1.0728
872	119	-6.0576	-0.46689
873	54	-5.8489	-0.57616
873	101	-8.7266	-1.0927
874	54	-5.8489	-0.57616
874	101	-8.7914	-1.1126
875	54	-5.8561	-0.58609
875	101	-8.8561	-1.1325
876	54	-5.8561	-0.58609
876	101	-8.9209	-1.1424
877	54	-5.8561	-0.58609
877	101	-8.8201	-1.1523
878	54	-5.8633	-0.58609
878	101	-8.8849	-1.1623
879	54	-5.8633	-0.58609
879	101	-8.9568	-1.1821
879	137	-9.2086	-0.47682
880	54	-5.8633	-0.59603
880	101	-9.0288	-1.202
880	137	-9.2374	-0.43709
881	54	-5.8633	-0.59603
881	101	-9.1079	-1.2318
881	137	-9.2734	-0.40728
882	54	-5.8633	-0.59603
882	101	-9.1799	-1.2715
882	137	-9.3094	-0.38742
883	54	-5.8633	-0.61589
883	101	-9.259	-1.3013
883	137	-9.3309	-0.37748
884	54	-5.8777	-0.60596
884	101	-9.3381	-1.3311
884	137	-9.3597	-0.39735
885	54	-5.8705	-0.61589
885	101	-9.4245	-1.3609
886	54	-5.8705	-0.62583
886	101	-9.5036	-1.3709
887	54	-5.8777	-0.61589
887	101	-9.5899	-1.3907
888	54	-5.8777	-0.61589
888	101	-9.6763	-1.4007
889	54	-5.8777	-0.61589
889	101	-9.7698	-1.4205
890	54	-5.8777	-0.61589
890	101	-9.8633	-1.4503
891	54	-5.8777	-0.61589
891	101	-9.964	-1.4702
891	140	-7.9928	-0.72517
892	54	-5.8777	-0.62583
892	101	-10.065	-1.5
892	140	-8.0144	-0.7351
893	54	-5.8849	-0.62583
893	101	-10.165	-1.5298
893	140	-8.0432	-0.74503
894	54	-5.8849	-0.62583
894	101	-10.281	-1.5596
894	140	-8.0719	-0.75497
895	54	-5.8849	-0.63576
895	101	-9.4604	-1.5894
895	140	-8.1007	-0.75497
896	54	-5.8849	-0.63576
896	101	-9.5468	-1.6192
896	140	-8.1367	-0.7649
897	54	-5.8849	-0.6457
897	101	-9.6403	-1.6589
897	140	-8.1655	-0.77483
898	54	-5.8921	-0.6457
898	101	-9.7338	-1.6887
898	140	-8.1942	-0.78477
899	54	-5.8921	-0.65563
899	101	-9.8129	-1.7285
899	140	-8.223	-0.7947
900	54	-5.8921	-0.65563
900	101	-9.8993	-1.7583
900	140	-8.2662	-0.81457
901	54	-5.8921	-0.66556
901	101	-9.9928	-1.7881
901	140	-8.295	-0.8245
902	54	-5.8849	-0.6755
902	101	-10.094	-1.8278
902	140	-8.3309	-0.83444
903	54	-5.8921	-0.6755
903	101	-10.201	-1.8675
903	140	-8.3597	-0.84437
904	54	-5.8921	-0.6755
904	101	-10.281	-1.8874
904	140	-8.3957	-0.84437
905	54	-5.8921	-0.68543
905	101	-10.381	-1.9272
905	140	-8.4317	-0.86424
906	54	-5.8849	-0.68543
906	101	-10.482	-1.957
906	140	-8.4676	-0.86424
907	54	-5.8849	-0.68543
907	101	-10.59	-2.0066
907	140	-8.4964	-0.88411
908	54	-5.8849	-0.68543
908	101	-10.698	-2.0265
908	140	-8.5396	-0.89404
909	54	-5.8777	-0.68543
909	101	-10.806	-2.0762
909	140	-8.5683	-0.90397
910	54	-5.8777	-0.68543
910	140	-8.6115	-0.91391
911	54	-5.8777	-0.68543
911	140	-8.6547	-0.92384
912	54	-5.8777	-0.68543
912	140	-8.6906	-0.93377
913	54	-5.8777	-0.68543
913	140	-8.741	-0.93377
914	54	-5.8777	-0.68543
914	140	-8.7842	-0.94371
915	54	-5.8777	-0.69536
915	140	-8.8273	-0.95364
916	54	-5.8777	-0.69536
916	140	-8.8705	-0.96358
917	54	-5.8777	-0.69536
917	140	-8.9209	-0.97351
917	144	-6.1655	-1.1523
918	54	-5.8777	-0.7053
918	140	-8.964	-0.98344
918	144	-6.1583	-1.1523
919	54	-5.8777	-0.7053
919	140	-9.0216	-0.99338
919	144	-6.1655	-1.1623
920	54	-5.8777	-0.7053
920	140	-9.0719	-1.0033
920	144	-6.1583	-1.1325
921	54	-5.8777	-0.7053
921	140	-9.1223	-1.0033
921	144	-6.1655	-1.1325
922	54	-5.8777	-0.7053
922	140	-9.1727	-1.0132
922	144	-6.1655	-1.1424
922	146	-6.5971	-0.62583
923	54	-5.8777	-0.69536
923	140	-9.2302	-1.0232
923	144	-6.1655	-1.1225
923	146	-6.6043	-0.62583
924	54	-5.8777	-0.69536
924	140	-9.2878	-1.0331
924	144	-6.1655	-1.1225
924	146	-6.6043	-0.62583
925	54	-5.8777	-0.69536
925	140	-9.3381	-1.043
925	144	-6.1583	-1.1225
925	146	-6.6043	-0.62583
926	54	-5.8777	-0.69536
926	140	-9.3957	-1.053
926	144	-6.1583	-1.1126
926	146	-6.6115	-0.62583
927	54	-5.8705	-0.7053
927	140	-9.4604	-1.0728
927	144	-6.1583	-1.1126
927	146	-6.6115	-0.63576
928	54	-5.8705	-0.69536
928	140	-9.518	-1.0828
928	144	-6.1583	-1.1126
928	146	-6.6115	-0.63576
929	54	-5.8705	-0.69536
929	140	-9.5827	-1.0828
929	144	-6.1583	-1.1126
929	146	-6.6187	-0.63576
930	54	-5.8705	-0.69536
930	140	-9.6475	-1.0828
930	144	-6.1583	-1.1026
930	146	-6.6187	-0.62583
931	54	-5.8705	-0.69536
931	140	-9.7122	-1.0927
931	144	-6.1583	-1.1026
931	146	-6.6259	-0.62583
932	54	-5.8705	-0.68543
932	140	-9.777	-1.1026
932	144	-6.1583	-1.1026
932	146	-6.6259	-0.62583
933	54	-5.8705	-0.68543
933	140	-9.8489	-1.1126
933	144	-6.1655	-1.1026
933	146	-6.6331	-0.62583
934	54	-5.8705	-0.68543
934	140	-9.9209	-1.1225
934	144	-6.1655	-1.1026
934	146	-6.6331	-0.62583
935	54	-5.8705	-0.68543
935	140	-10	-1.1424
935	144	-6.1655	-1.0828
935	146	-6.6331	-0.62583
936	54	-5.8705	-0.68543
936	140	-10.086	-1.1523
936	144	-6.1655	-1.0828
936	146	-6.6403	-0.62583
937	54	-5.8705	-0.68543
937	140	-9.4388	-1.1722
937	144	-6.1655	-1.0728
937	146	-6.6403	-0.62583
938	54	-5.8705	-0.6755
938	140	-9.5108	-1.1821
938	144	-6.1655	-1.0927
938	146	-6.6403	-0.62583
939	54	-5.8705	-0.6755
939	140	-9.5755	-1.1921
939	144	-6.1655	-1.0629
939	146	-6.6475	-0.62583
940	54	-5.8705	-0.6755
940	140	-9.6331	-1.202
940	144	-6.1727	-1.0629
940	146	-6.6475	-0.61589
941	54	-5.8705	-0.66556
941	140	-9.7122	-1.2219
941	144	-6.1727	-1.0828
941	146	-6.6547	-0.61589
942	54	-5.8705	-0.66556
942	140	-9.7698	-1.2517
942	144	-6.1727	-1.053
942	146	-6.6547	-0.61589
943	54	-5.8705	-0.65563
943	140	-9.8273	-1.2715
943	144	-6.1727	-1.043
943	146	-6.6691	-0.61589
944	54	-5.8705	-0.65563
944	140	-9.8849	-1.2914
944	144	-6.1727	-1.043
944	146	-6.6691	-0.60596
945	54	-5.8705	-0.65563
945	140	-9.9353	-1.3113
945	144	-6.1799	-1.043
945	146	-6.6763	-0.60596
946	54	-5.8705	-0.65563
946	140	-9.9856	-1.3311
946	144	-6.1799	-1.0828
946	146	-6.6763	-0.60596
947	54	-5.8633	-0.65563
947	140	-10.036	-1.3609
947	144	-6.1727	-1.0331
947	146	-6.6763	-0.61589
948	54	-5.8633	-0.66556
948	140	-10.094	-1.3907
948	144	-6.1727	-1.0232
948	146	-6.6835	-0.61589
949	54	-5.8633	-0.66556
949	140	-10.137	-1.4106
949	144	-6.1727	-1.0232
949	146	-6.6835	-0.61589
950	54	-5.8633	-0.65563
950	140	-10.165	-1.4205
950	144	-6.1727	-1.0232
950	146	-6.6906	-0.61589
951	54	-5.8633	-0.65563
951	140	-10.216	-1.4404
951	144	-6.1727	-1.0132
951	146	-6.6906	-0.61589
952	54	-5.8633	-0.65563
952	140	-9.4173	-1.4503
952	144	-6.1727	-1.0132
952	146	-6.6978	-0.61589
953	54	-5.8633	-0.65563
953	140	-9.446	-1.4503
953	144	-6.1727	-1.0033
953	146	-6.705	-0.60596
954	54	-5.8633	-0.65563
954	144	-6.1727	-1.0132
954	146	-6.705	-0.60596
955	54	-5.8633	-0.65563
955	144	-6.1727	-1.0033
955	146	-6.705	-0.61589
956	54	-5.8633	-0.65563
956	144	-6.1655	-0.98344
956	146	-6.7122	-0.60596
957	54	-5.8633	-0.65563
957	144	-6.1655	-0.98344
957	146	-6.7194	-0.61589
958	54	-5.8633	-0.65563
958	144	-6.1727	-0.99338
958	146	-6.7194	-0.61589
959	54	-5.8633	-0.65563
959	144	-6.1655	-0.97351
959	146	-6.7266	-0.61589
960	54	-5.8633	-0.66556
960	144	-6.1655	-0.98344
960	146	-6.7266	-0.61589
961	54	-5.8633	-0.66556
961	144	-6.1655	-0.97351
961	146	-6.7338	-0.61589
961	152	-5.0072	-0.68543
962	54	-5.8633	-0.66556
962	144	-6.1655	-1.0033
962	146	-6.741	-0.62583
962	152	-5.0072	-0.68543
963	54	-5.8633	-0.66556
963	144	-6.1727	-1.0132
963	146	-6.741	-0.62583
963	152	-4.9928	-0.6755
964	54	-5.8633	-0.6755
964	144	-6.1583	-0.97351
964	146	-6.7482	-0.62583
964	152	-4.9856	-0.6755
965	54	-5.8633	-0.6755
965	144	-6.1511	-0.97351
965	146	-6.7482	-0.63576
965	152	-4.9784	-0.68543
966	54	-5.8633	-0.6755
966	144	-6.1511	-0.97351
966	146	-6.7482	-0.63576
966	152	-4.9784	-0.68543
967	54	-5.8633	-0.6755
967	144	-6.1583	-1.0232
967	146	-6.7554	-0.6457
967	152	-4.9712	-0.69536
968	54	-5.8633	-0.6755
968	144	-6.1439	-0.97351
968	146	-6.7626	-0.63576
968	152	-4.9712	-0.69536
969	54	-5.8633	-0.68543
969	144	-6.1511	-1.0232
969	146	-6.7626	-0.6457
969	152	-4.964	-0.69536
970	54	-5.8633	-0.68543
970	144	-6.1583	-1.053
970	146	-6.7698	-0.6457
970	152	-4.9568	-0.69536
971	54	-5.8633	-0.68543
971	144	-6.1367	-0.96358
971	146	-6.777	-0.6457
971	152	-4.9496	-0.7053
972	54	-5.8705	-0.68543
972	144	-6.1367	-0.94371
972	146	-6.7842	-0.6457
972	152	-4.9496	-0.7053
973	54	-5.8705	-0.68543
973	144	-6.1295	-0.92384
973	146	-6.7914	-0.6457
973	152	-4.8705	-0.6755
974	54	-5.8705	-0.68543
974	144	-6.1295	-0.91391
974	146	-6.7986	-0.6457
974	152	-4.8633	-0.6755
975	54	-5.8777	-0.68543
975	144	-6.1295	-0.90397
975	146	-6.8058	-0.6457
975	152	-4.8633	-0.6755
976	54	-5.8777	-0.68543
976	144	-6.1295	-0.90397
976	146	-6.8129	-0.6457
976	152	-4.8561	-0.6755
977	54	-5.8777	-0.69536
977	144	-6.1223	-0.91391
977	146	-6.8201	-0.65563
977	152	-4.8489	-0.68543
978	54	-5.8777	-0.69536
978	144	-6.1223	-0.91391
978	146	-6.8201	-0.65563
978	152	-4.7122	-0.6755
979	54	-5.8849	-0.69536
979	144	-6.1223	-0.91391
979	146	-6.8273	-0.65563
979	152	-4.705	-0.6755
980	54	-5.8849	-0.7053
980	144	-6.1151	-0.92384
980	146	-6.8345	-0.66556
980	152	-4.6978	-0.68543
981	54	-5.8849	-0.7053
981	144	-6.1151	-0.92384
981	146	-6.8417	-0.66556
981	152	-4.6835	-0.68543
981	156	-7.7914	-0.7351
982	54	-5.8849	-0.7053
982	144	-6.1079	-0.92384
982	146	-6.8489	-0.66556
982	152	-4.6763	-0.68543
982	156	-7.7986	-0.74503
983	54	-5.8849	-0.7053
983	144	-6.1079	-0.92384
983	146	-6.8489	-0.66556
983	152	-4.6619	-0.68543
983	156	-7.8129	-0.7649
984	54	-5.8921	-0.71523
984	144	-6.1007	-0.92384
984	146	-6.8561	-0.6755
984	152	-4.6547	-0.68543
984	156	-7.8201	-0.78477
985	54	-5.8921	-0.71523
985	144	-6.1007	-0.90397
985	146	-6.8633	-0.6755
985	152	-4.6619	-0.69536
985	156	-7.5971	-0.7649
986	54	-5.8921	-0.71523
986	144	-6.1007	-0.92384
986	146	-6.8705	-0.6755
986	152	-4.5971	-0.68543
986	156	-7.5971	-0.7649
987	54	-5.8921	-0.71523
987	144	-6.0935	-0.91391
987	146	-6.8705	-0.68543
987	152	-4.5827	-0.68543
987	156	-7.6043	-0.77483
988	54	-5.8921	-0.71523
988	144	-6.0863	-0.89404
988	146	-6.8777	-0.6755
988	152	-4.5755	-0.69536
988	156	-7.6187	-0.77483
989	54	-5.8993	-0.71523
989	144	-6.0863	-0.88411
989	146	-6.8849	-0.68543
989	152	-4.6115	-0.61589
989	156	-7.5755	-0.75497
990	54	-5.8993	-0.71523
990	144	-6.0863	-0.91391
990	146	-6.8921	-0.68543
990	152	-4.6043	-0.61589
990	156	-7.5612	-0.77483
991	54	-5.8993	-0.71523
991	144	-6.0791	-0.87417
991	146	-6.8993	-0.68543
991	152	-4.5899	-0.61589
991	156	-7.554	-0.77483
992	54	-5.8993	-0.71523
992	144	-6.0719	-0.87417
992	146	-6.9065	-0.68543
992	152	-4.5252	-0.61589
992	156	-7.554	-0.77483
993	54	-5.8993	-0.71523
993	144	-6.0719	-0.86424
993	146	-6.9065	-0.68543
993	152	-4.5108	-0.61589
993	156	-7.554	-0.77483
994	54	-5.8993	-0.71523
994	144	-6.0719	-0.89404
994	146	-6.9137	-0.68543
994	152	-4.5036	-0.61589
994	156	-7.5468	-0.78477
995	54	-5.8993	-0.71523
995	144	-6.0719	-0.90397
995	146	-6.9137	-0.68543
995	152	-4.482	-0.61589
995	156	-7.5396	-0.78477
995	158	-9.2158	-0.80464
996	54	-5.8993	-0.7053
996	144	-6.0576	-0.86424
996	146	-6.9209	-0.68543
996	152	-4.4748	-0.62583
996	156	-7.5396	-0.78477
996	158	-9.223	-0.80464
997	54	-5.8921	-0.7053
997	144	-6.0576	-0.86424
997	146	-6.9281	-0.68543
997	152	-4.4388	-0.61589
997	156	-7.5324	-0.78477
997	158	-9.2302	-0.80464
998	54	-5.8993	-0.7053
998	144	-6.0576	-0.88411
998	146	-6.9281	-0.68543
998	152	-4.4245	-0.61589
998	156	-7.5324	-0.78477
998	158	-9.2374	-0.80464
999	54	-5.8849	-0.71523
999	144	-6.0504	-0.86424
999	146	-6.9353	-0.68543
999	152	-4.4029	-0.61589
999	156	-7.518	-0.78477
999	158	-9.2518	-0.80464
1000	54	-5.8777	-0.71523
1000	144	-6.0504	-0.86424
1000	146	-6.9424	-0.68543
1000	152	-4.3885	-0.61589
1000	156	-7.518	-0.78477
1000	158	-9.259	-0.81457
1001	54	-5.8777	-0.72517
1001	144	-6.0432	-0.86424
1001	146	-6.9424	-0.68543
1001	152	-4.3741	-0.61589
1001	156	-7.5252	-0.7947
1001	158	-9.2662	-0.81457
1002	54	-5.8777	-0.71523
1002	144	-6.0432	-0.86424
1002	146	-6.9496	-0.68543
1002	152	-4.3597	-0.61589
1002	156	-7.5252	-0.78477
1002	158	-9.2734	-0.80464
1003	54	-5.8777	-0.71523
1003	144	-6.0432	-0.86424
1003	146	-6.9568	-0.68543
1003	152	-4.3381	-0.61589
1003	156	-7.5324	-0.78477
1003	158	-9.2806	-0.80464
1004	54	-5.8705	-0.72517
1004	144	-6.036	-0.86424
1004	146	-6.9568	-0.68543
1004	152	-4.3165	-0.61589
1004	156	-7.5324	-0.7947
1004	158	-9.295	-0.81457
1005	54	-5.8633	-0.72517
1005	144	-6.0432	-0.90397
1005	146	-6.9568	-0.69536
1005	152	-4.295	-0.62583
1005	156	-7.5324	-0.80464
1005	158	-9.3022	-0.8245
1006	54	-5.8633	-0.7351
1006	144	-6.0216	-0.87417
1006	146	-6.964	-0.7053
1006	152	-4.2734	-0.62583
1006	156	-7.5324	-0.81457
1006	158	-9.3094	-0.83444
1007	54	-5.8561	-0.74503
1007	144	-6.0216	-0.87417
1007	146	-6.964	-0.71523
1007	152	-4.2518	-0.62583
1007	156	-7.5324	-0.8245
1007	158	-9.3237	-0.84437
1008	54	-5.8489	-0.75497
1008	144	-6.0144	-0.88411
1008	146	-6.964	-0.72517
1008	152	-4.2302	-0.63576
1008	156	-7.5396	-0.83444
1008	158	-9.3309	-0.8543
1009	54	-5.8489	-0.75497
1009	144	-6.0072	-0.89404
1009	146	-6.9712	-0.72517
1009	152	-4.2086	-0.63576
1009	156	-7.5396	-0.84437
1009	158	-9.3381	-0.8543
1010	54	-5.8417	-0.75497
1010	144	-6.0072	-0.89404
1010	146	-6.9712	-0.7351
1010	152	-4.1871	-0.63576
1010	156	-7.5396	-0.84437
1010	158	-9.3525	-0.86424
1011	54	-5.8417	-0.75497
1011	144	-6	-0.89404
1011	146	-6.9712	-0.7351
1011	152	-4.1655	-0.6457
1011	156	-7.3813	-0.83444
1011	158	-9.3669	-0.86424
1012	54	-5.8417	-0.74503
1012	144	-6	-0.89404
1012	146	-6.9784	-0.7351
1012	152	-4.1439	-0.6457
1012	156	-7.3813	-0.83444
1012	158	-9.3813	-0.86424
1013	54	-5.8417	-0.75497
1013	144	-5.9928	-0.89404
1013	146	-6.9856	-0.7351
1013	152	-4.1223	-0.6457
1013	156	-7.3813	-0.84437
1013	158	-9.3957	-0.87417
1014	54	-5.8417	-0.75497
1014	144	-5.9928	-0.89404
1014	146	-6.9928	-0.74503
1014	152	-4.1007	-0.6457
1014	156	-7.3813	-0.84437
1014	158	-9.4173	-0.87417
1015	54	-5.8417	-0.75497
1015	144	-5.9856	-0.90397
1015	146	-6.9928	-0.74503
1015	152	-4.0719	-0.65563
1015	156	-7.3813	-0.84437
1015	158	-9.4317	-0.88411
1015	160	-1.8849	-1.1026
1016	54	-5.8417	-0.75497
1016	144	-5.9856	-0.90397
1016	146	-6.9928	-0.75497
1016	152	-4.0504	-0.65563
1016	156	-7.3741	-0.8543
1016	158	-9.446	-0.89404
1016	160	-1.7194	-1.1523
1017	54	-5.8417	-0.75497
1017	144	-5.9856	-0.90397
1017	146	-6.9928	-0.75497
1017	152	-4.0216	-0.65563
1017	156	-7.3669	-0.84437
1017	158	-9.4676	-0.89404
1017	160	-1.7194	-1.1523
1018	54	-5.8417	-0.75497
1018	144	-5.9784	-0.91391
1018	146	-7	-0.75497
1018	152	-4	-0.65563
1018	156	-7.3597	-0.86424
1018	158	-9.482	-0.89404
1018	160	-1.7194	-1.1523
1019	54	-5.8417	-0.75497
1019	144	-5.9784	-0.91391
1019	146	-7	-0.75497
1019	152	-3.9712	-0.66556
1019	156	-7.3525	-0.86424
1019	158	-9.5036	-0.89404
1019	160	-1.7194	-1.1523
1019	162	-4.8417	-0.55629
1020	54	-5.8417	-0.75497
1020	144	-5.9784	-0.91391
1020	146	-7.0072	-0.75497
1020	152	-3.9424	-0.66556
1020	156	-7.3525	-0.86424
1020	158	-9.5108	-0.89404
1020	164	-3.482	-0.69536
1021	54	-5.8417	-0.75497
1021	144	-5.9712	-0.91391
1021	146	-7.0072	-0.7649
1021	152	-3.9137	-0.66556
1021	156	-7.3453	-0.86424
1021	158	-9.5252	-0.89404
1021	164	-3.446	-0.69536
1022	54	-5.8417	-0.75497
1022	144	-5.9712	-0.91391
1022	146	-7.0072	-0.7649
1022	152	-3.8849	-0.66556
1022	156	-7.3453	-0.86424
1022	158	-9.5396	-0.89404
1022	164	-3.4173	-0.68543
1023	54	-5.8417	-0.75497
1023	144	-5.9712	-0.91391
1023	146	-7.0072	-0.77483
1023	152	-3.8561	-0.66556
1023	156	-7.3381	-0.86424
1023	158	-9.554	-0.90397
1023	164	-3.3741	-0.69536
1024	54	-5.8417	-0.7649
1024	144	-5.9712	-0.91391
1024	146	-7	-0.7649
1024	152	-3.8201	-0.6755
1024	156	-7.3309	-0.87417
1024	158	-9.5683	-0.90397
1024	164	-3.3381	-0.69536
1025	54	-5.8417	-0.7649
1025	144	-5.964	-0.92384
1025	146	-7	-0.78477
1025	152	-3.7914	-0.6755
1025	156	-7.3237	-0.88411
1025	158	-9.5755	-0.91391
1025	164	-3.3094	-0.69536
1026	54	-5.9784	-0.7351
1026	144	-5.964	-0.92384
1026	146	-7	-0.7947
1026	152	-3.7554	-0.6755
1026	156	-7.3165	-0.88411
1026	158	-9.5971	-0.91391
1026	164	-3.2662	-0.69536
1027	54	-5.9784	-0.7351
1027	144	-5.964	-0.92384
1027	146	-6.9928	-0.80464
1027	152	-3.7194	-0.6755
1027	156	-7.3165	-0.89404
1027	158	-9.6115	-0.92384
1027	164	-3.223	-0.69536
1028	54	-5.9784	-0.74503
1028	144	-5.964	-0.93377
1028	146	-6.9928	-0.80464
1028	152	-3.6906	-0.68543
1028	156	-7.3094	-0.89404
1028	158	-9.6259	-0.92384
1028	164	-3.1799	-0.7053
1029	54	-5.9784	-0.74503
1029	144	-5.964	-0.93377
1029	146	-6.9856	-0.81457
1029	152	-3.6547	-0.68543
1029	156	-7.3022	-0.90397
1029	158	-9.6403	-0.92384
1030	54	-5.9784	-0.74503
1030	144	-5.964	-0.93377
1030	146	-6.9856	-0.81457
1030	152	-3.6187	-0.69536
1030	156	-7.3022	-0.90397
1030	158	-9.6547	-0.93377
1031	54	-5.9784	-0.74503
1031	144	-5.964	-0.93377
1031	146	-6.9784	-0.8245
1031	152	-3.7122	-0.69536
1031	156	-7.295	-0.91391
1031	158	-9.6763	-0.93377
1032	54	-5.9784	-0.74503
1032	144	-5.964	-0.94371
1032	146	-6.9712	-0.8245
1032	152	-3.6763	-0.69536
1032	156	-7.295	-0.91391
1032	158	-9.6906	-0.93377
1033	54	-5.9784	-0.74503
1033	144	-5.964	-0.94371
1033	146	-6.964	-0.83444
1033	152	-3.6331	-0.7053
1033	156	-7.2734	-0.90397
1033	158	-9.6978	-0.94371
1034	54	-5.9856	-0.75497
1034	144	-5.964	-0.94371
1034	146	-6.9568	-0.84437
1034	152	-3.5971	-0.71523
1034	156	-7.259	-0.91391
1034	158	-9.705	-0.94371
1035	54	-5.9784	-0.7649
1035	144	-5.964	-0.94371
1035	146	-6.9496	-0.8543
1035	152	-3.554	-0.72517
1035	156	-7.2518	-0.91391
1035	158	-9.7194	-0.94371
1036	54	-5.9784	-0.7649
1036	144	-5.9568	-0.94371
1036	146	-6.9424	-0.86424
1036	152	-3.518	-0.7351
1036	156	-7.2446	-0.91391
1036	158	-9.741	-0.95364
1037	54	-5.9784	-0.77483
1037	144	-5.964	-0.95364
1037	146	-6.9281	-0.86424
1037	152	-3.4748	-0.74503
1037	156	-7.2302	-0.92384
1037	158	-9.7482	-0.95364
1038	54	-5.9856	-0.77483
1038	144	-5.964	-0.95364
1038	146	-6.9137	-0.87417
1038	152	-3.4245	-0.75497
1038	156	-7.223	-0.93377
1038	158	-9.7626	-0.95364
1039	54	-5.9856	-0.78477
1039	144	-5.9568	-0.96358
1039	146	-6.9065	-0.88411
1039	152	-3.3813	-0.7649
1039	156	-7.2086	-0.94371
1039	158	-9.7698	-0.96358
1040	54	-5.9856	-0.7947
1040	144	-5.9568	-0.96358
1040	146	-6.8921	-0.89404
1040	152	-3.3309	-0.78477
1040	156	-7.2014	-0.95364
1040	158	-9.7842	-0.97351
1041	54	-5.9856	-0.80464
1041	144	-5.964	-0.98344
1041	146	-6.8777	-0.91391
1041	152	-3.2806	-0.7947
1041	156	-7.1942	-0.96358
1041	158	-9.8058	-0.98344
1041	166	-6.5468	-0.97351
1042	54	-5.9856	-0.81457
1042	144	-5.964	-0.98344
1042	146	-6.8705	-0.92384
1042	152	-3.2302	-0.80464
1042	156	-7.1727	-0.97351
1042	158	-9.8201	-0.99338
1042	166	-6.5396	-0.98344
1043	54	-5.9856	-0.81457
1043	144	-5.9712	-0.99338
1043	146	-6.8561	-0.94371
1043	152	-3.1799	-0.81457
1043	156	-7.1583	-0.98344
1043	158	-9.8273	-0.99338
1043	166	-6.5396	-0.98344
1044	54	-5.9856	-0.81457
1044	144	-5.964	-0.98344
1044	146	-6.8417	-0.94371
1044	152	-3.1223	-0.81457
1044	156	-7.1511	-0.98344
1044	158	-9.8345	-0.99338
1044	166	-6.5396	-0.98344
1045	54	-5.9856	-0.8245
1045	144	-5.9712	-0.98344
1045	146	-6.8201	-0.95364
1045	152	-3.0647	-0.8245
1045	156	-7.1439	-0.99338
1045	158	-9.8345	-0.99338
1045	166	-6.5324	-0.98344
1046	54	-5.9928	-0.8245
1046	144	-5.9712	-1.0033
1046	146	-6.8058	-0.96358
1046	152	-3	-0.83444
1046	156	-7.1295	-1.0033
1046	158	-9.8417	-0.99338
1046	166	-6.5324	-0.99338
1047	54	-5.9928	-0.83444
1047	144	-5.9784	-1.0033
1047	146	-6.7914	-0.97351
1047	152	-2.9424	-0.8543
1047	156	-7.1295	-1.0132
1047	158	-9.8561	-1.0033
1048	54	-5.9928	-0.84437
1048	144	-5.9784	-1.0132
1048	146	-6.7698	-0.99338
1048	152	-2.8705	-0.86424
1048	156	-7.1223	-1.0331
1048	158	-9.8633	-1.0033
1049	54	-6	-0.8543
1049	144	-5.9784	-1.0132
1049	146	-6.7482	-1.0033
1049	152	-2.8058	-0.87417
1049	156	-7.0791	-1.0232
1049	158	-9.8777	-1.0132
1050	54	-5.9928	-0.8543
1050	144	-5.9784	-1.0232
1050	146	-6.7266	-1.0132
1050	152	-2.7338	-0.88411
1050	156	-7.0647	-1.0331
1050	158	-9.8849	-1.0232
1051	54	-6	-0.86424
1051	144	-5.9784	-1.0232
1051	146	-6.7122	-1.0232
1051	152	-2.6619	-0.90397
1051	156	-7.0432	-1.043
1051	158	-9.8921	-1.0232
1052	54	-5.9928	-0.86424
1052	144	-5.9856	-1.0331
1052	146	-6.6835	-1.0232
1052	152	-2.5827	-0.91391
1052	156	-7.036	-1.053
1052	158	-9.8993	-1.0232
1053	54	-6	-0.86424
1053	144	-5.9856	-1.0331
1053	146	-6.6619	-1.0232
1053	152	-2.5036	-0.92384
1053	156	-7.0144	-1.0232
1053	158	-9.8993	-1.0232
1054	54	-6	-0.87417
1054	144	-5.9856	-1.0331
1054	146	-6.6403	-1.0331
1054	152	-2.4173	-0.93377
1054	156	-7	-1.0232
1054	158	-9.9065	-1.0232
1055	54	-6	-0.87417
1055	144	-5.9928	-1.0331
1055	146	-6.6043	-1.0331
1055	152	-2.3309	-0.95364
1055	156	-6.9784	-1.0232
1055	158	-9.9209	-1.0232
1056	54	-5.9928	-0.87417
1056	144	-5.9928	-1.0331
1056	146	-6.5755	-1.043
1056	152	-2.3453	-1.0331
1056	156	-6.964	-1.0232
1056	158	-9.9281	-1.0232
1057	54	-5.9928	-0.86424
1057	146	-6.5396	-1.0232
1057	152	-2.259	-1.053
1057	156	-6.9496	-1.0232
1057	158	-9.9281	-1.0132
1058	54	-6	-0.86424
1058	146	-6.5108	-1.0232
1058	152	-2.1583	-1.0728
1058	156	-6.9281	-1.0132
1058	158	-9.9209	-1.0132
1059	54	-5.9928	-0.86424
1059	146	-6.4748	-1.0232
1059	152	-2.0576	-1.1126
1059	156	-6.9137	-1.0232
1059	158	-9.9209	-1.0132
1060	54	-5.9928	-0.87417
1060	146	-6.4388	-1.0331
1060	152	-1.9496	-1.1523
1060	156	-6.8993	-1.0331
1060	158	-9.9281	-1.0132
1061	54	-5.9928	-0.87417
1061	146	-6.4029	-1.043
1061	152	-1.8417	-1.202
1061	156	-6.8849	-1.053
1061	158	-9.9281	-1.0232
1062	54	-5.9856	-0.87417
1062	146	-6.2302	-1.0132
1062	152	-1.7194	-1.2517
1062	156	-6.8705	-1.0728
1062	158	-9.9353	-1.0232
1063	54	-5.9856	-0.87417
1063	146	-6.1871	-1.0132
1063	152	-1.5827	-1.3013
1063	156	-6.8561	-1.0828
1063	158	-9.9424	-1.0331
1064	54	-5.9784	-0.87417
1064	146	-6.1439	-1.0132
1064	152	-1.4532	-1.3709
1064	156	-6.8417	-1.0927
1064	158	-9.9353	-1.0331
1065	54	-5.9784	-0.87417
1065	146	-6.1007	-1.0132
1065	152	-1.3094	-1.3311
1065	156	-6.8273	-1.1026
1065	158	-9.9424	-1.0232
1066	54	-5.964	-0.87417
1066	146	-6.0576	-1.0033
1066	152	-1.1439	-1.2517
1066	156	-6.8201	-1.1126
1066	158	-9.9496	-1.0232
1067	54	-5.9568	-0.87417
1067	146	-6.0144	-1.0033
1067	152	-0.97122	-1.2517
1067	156	-6.8058	-1.1225
1067	158	-9.9496	-1.0232
1068	54	-5.9209	-0.87417
1068	146	-5.9712	-1.0033
1068	152	-0.79856	-1.2219
1068	156	-6.7914	-1.1225
1068	158	-9.9496	-1.0331
1069	54	-5.8705	-0.87417
1069	146	-5.9281	-0.98344
1069	152	-0.78417	-0.92384
1069	156	-6.777	-1.1325
1069	158	-9.9496	-1.0331
1070	156	-6.7626	-1.1424
1070	158	-9.9424	-1.0331
1071	156	-6.7482	-1.1523
1071	158	-9.9424	-1.0232
1072	156	-6.7266	-1.1523
1072	158	-9.9353	-1.0331
1073	156	-6.7122	-1.1722
1073	158	-9.9353	-1.0331
1074	156	-6.6906	-1.1821
1074	158	-9.3741	-1.043
1075	156	-6.6835	-1.1921
1075	158	-9.3453	-1.053
1076	156	-6.6835	-1.1921
1076	158	-9.3381	-1.043
1077	156	-6.4173	-0.92384
1077	158	-9.3309	-1.053
1078	156	-6.3885	-0.94371
1078	158	-9.3094	-1.0629
1079	156	-6.3237	-0.93377
1079	158	-9.295	-1.0728
1080	156	-6.2806	-0.94371
1080	158	-9.2806	-1.0728
1081	156	-6.2302	-0.94371
1081	158	-9.259	-1.0629
1082	156	-6.1799	-0.95364
1082	158	-9.2446	-1.0828
1083	156	-6.1295	-0.96358
1083	158	-9.223	-1.0927
1084	156	-6.0719	-0.97351
1084	158	-9.2086	-1.1126
1085	156	-6.0216	-0.97351
1085	158	-9.2014	-1.1225
1086	156	-5.9712	-0.97351
1086	158	-9.1942	-1.1225
1087	156	-5.9209	-0.97351
1087	158	-9.4101	-1.0927
1088	156	-5.8633	-0.97351
1088	158	-9.3669	-1.0927
1089	156	-5.8058	-0.97351
1089	158	-9.3237	-1.0927
1090	156	-5.7482	-0.98344
1090	158	-9.295	-1.1026
1091	156	-5.6835	-0.98344
1091	158	-9.2734	-1.1126
1092	156	-5.6259	-0.98344
1092	158	-9.2734	-1.1225
1093	156	-5.4964	-0.99338
1093	158	-9.2086	-1.1325
1094	156	-5.4245	-0.99338
1094	158	-9.1727	-1.1424
1095	156	-5.3525	-0.99338
1095	158	-9.1367	-1.1623
1096	156	-5.3022	-1.0132
1096	158	-9.1007	-1.1722
1097	156	-5.2302	-1.0132
1097	158	-9.0647	-1.1821
1098	156	-5.1511	-1.0132
1098	158	-9.0504	-1.2119
1099	156	-5.0863	-1.0331
1099	158	-9.0432	-1.2417
1100	156	-5.0072	-1.0331
1100	158	-9.0216	-1.2616
1101	156	-4.9281	-1.043
1101	158	-9.0144	-1.3013
1102	156	-4.8489	-1.043
1102	158	-9.0288	-1.3411
1103	156	-4.7626	-1.043
1103	158	-8.9856	-1.351
1104	156	-4.6763	-1.043
1104	158	-8.9281	-1.351
1105	156	-4.5899	-1.0331
1105	158	-8.8777	-1.351
1106	156	-4.4964	-1.0331
1106	158	-8.8129	-1.3609
1107	156	-4.4029	-1.0331
1107	158	-8.7554	-1.3709
1108	156	-4.3094	-1.0331
1108	158	-8.6906	-1.3808
1109	156	-4.2086	-1.0331
1109	158	-8.6259	-1.3907
1110	156	-4.1151	-1.043
1110	158	-8.6187	-1.4404
1111	156	-4.0072	-1.043
1111	158	-8.5612	-1.4503
1112	156	-3.9065	-1.053
1112	158	-8.4892	-1.4603
1113	156	-3.8058	-1.043
1113	158	-8.4101	-1.4702
1114	156	-3.6906	-1.043
1114	158	-8.3237	-1.4801
1115	156	-3.5827	-1.043
1115	158	-8.2374	-1.4901
1116	158	-8.1439	-1.4901
1117	158	-8.0504	-1.5
1118	158	-7.9496	-1.5099
1119	158	-7.8417	-1.5099
1120	158	-7.741	-1.5099
1121	158	-7.6331	-1.5199
1122	158	-7.518	-1.5199
1123	158	-7.4101	-1.5298
1124	158	-7.295	-1.5397
1125	158	-7.1799	-1.5397
1126	158	-7.0647	-1.5497
1127	158	-6.9424	-1.5497
1128	158	-6.8273	-1.5596
1129	158	-6.6978	-1.5596
1130	158	-6.5755	-1.5596
1131	158	-6.446	-1.5695
1132	158	-6.3237	-1.5695
1133	158	-6.1871	-1.5795
1134	158	-6.0576	-1.5894
1135	158	-5.9281	-1.5993
1136	158	-5.7914	-1.6093
1137	158	-5.6475	-1.6192
1138	158	-5.5036	-1.6291
1139	158	-5.3525	-1.6391
1140	158	-5.2086	-1.6589
1141	158	-5.0504	-1.6689
1142	158	-4.8849	-1.6788
1143	158	-4.7194	-1.6887
1144	158	-4.554	-1.6887
1145	158	-4.3813	-1.6987
1146	158	-4.1942	-1.6987
1147	158	-4.4317	-1.3907
1148	158	-4.2518	-1.3907
1149	158	-4.0647	-1.4007
1150	158	-3.8705	-1.4007
1151	158	-3.6763	-1.4106
1152	158	-3.482	-1.4305
1153	158	-3.2734	-1.4404
1154	158	-3.0647	-1.4603
1155	158	-2.8489	-1.4702
1156	158	-2.6187	-1.4901
1157	158	-2.3885	-1.5
1158	158	-2.3022	-1.5199
1159	158	-2.0504	-1.5397
1160	158	-1.8058	-1.5894
1161	158	-1.5324	-1.649
1162	158	-1.2518	-1.6788
1163	158	-0.97122	-1.6887
1164	158	-0.67626	-1.6689
1165	158	-0.38129	-1.6589
1166	158	-0.38129	-1.6589
1167	158	-0.38129	-1.6589
1168	158	-0.38129	-1.6589
1169	158	-0.38129	-1.6589
1170	158	-0.38129	-1.6589
1171	158	-0.38129	-1.6589
1172	158	-0.38129	-1.6589
1173	158	-0.38129	-1.6589
1174	158	-0.38129	-1.6589
1175	158	-0.38129	-1.6589
1176	158	-0.38129	-1.6589
1177	158	-0.38129	-1.6589
1178	158	-0.38129	-1.6589
1179	158	-0.38129	-1.6589
1180	158	-0.38129	-1.6589
1181	158	-0.38129	-1.6589
1182	158	-0.38129	-1.6589
1183	158	-0.38129	-1.6589
1184	158	-0.38129	-1.6589
1185	158	-0.38129	-1.6589
1186	158	-0.38129	-1.6589
